2.2588,34.839,48.315,6.5826,0,0,22.45,0,0,12.978,35.238,0,0,0,4.2931,1.4796,0,4.1231e-11,1.2738e-09,3.4206,6.5016,3.8394,9.2038,0,10.107,2.2041,0.48527,14.585,11.039,26.519,12.145,3.5357,2.9294,1.2322,0.78418,16.224,2.2012,2.906,1.2868,0.31354,0.93558,0.26819,0.3054,52.558,3.5583,1.0798,0.20381,0.63854,0.65995,1.0599,0.3242,3.4414,3.5756,2.0475,1.034,0.66673,0.89986,0,0.74717,2.5918,0,0.12424,0.60486,0.83485,10.139,0.50781,0.80082,1.0803,9.5115,6.9463,9.2015,0,84.576,1.154,0.52412,94.823,0.95902,3.8316,14.951,0.50219,0.67221,0.47713,9.2637,0.46808,3.9187,4.0346,1.1794,1.0748,0.59898,2.4183,0.052331,0.38933,18.18,0,33.797,10.535,0,5.1792e-10,0,1.202e-11,0,129.02,0,0,7.6098,13.503,7.5211,0,26.136,4.6081,2.0024,0,0,18.053,0.77001,63.011,2.6588,52.308,1.0036,0,3.0984,12.461,0.81992,0.018891,0.27705,0.3671,0.53253,6.4761,26.247,11.972,29.4,25.672,27.198,31.103,27.754,0,19.707,3.8435,206.29,14.895,0,0,7.5919e-10,1.1569e-10,1.7229,0.43121,1.9393,0,0,0,0,0,2.6172,0,5.5853e-11,0,0,11.105,2.0373,3.5435,7.2884e-11,2444
0.96653,14.908,20.674,4.3179,0,0,11.68,0,0,12.1,11.156,0,0,0,1.4937,0.63313,0,4.1231e-11,1.2738e-09,3.291,2.0583,1.2155,2.9138,0,3.1998,2.055,0.45244,4.6174,10.621,8.3957,3.8449,1.1194,0.12801,0,0,9.492,1.2878,1.7002,1.0019,0.24411,0.21274,0.060982,0.069443,11.951,0,0.46205,0.15868,0.49715,0.15006,0.31881,0.073718,0.78253,0.81304,0.87613,0.44244,0.28529,0.38505,0,0.31971,1.109,0,0.05316,0.19149,0.35723,3.21,0.21729,0.34267,0.46227,4.07,2.9723,3.9373,0,42.922,0.4938,0.22427,73.827,0.41036,1.6396,6.3975,0.21489,0.28764,0.20416,6.3979,0.20029,1.6768,1.7264,0.50466,0.45991,0.25631,1.0348,0,0,7.779,0,10.7,3.9976,0,5.1792e-10,0,1.202e-11,0,48.958,0,0,2.4092,5.1239,2.3811,0,8.2743,3.0227,1.3135,0,0,9.3924,0.29219,32.783,2.0365,19.849,0.38082,0,1.8127,2.8334,0.35084,0.0080835,0.21571,0.28582,0.12109,3.7888,11.231,5.1227,12.58,10.985,11.638,13.309,11.876,0,13.61,2.5212,358.63,4.4804,0,0,7.5919e-10,1.1569e-10,0.89636,0.18452,0.82984,0,0,0,0,0,1.3617,0,5.5853e-11,0,0,7.6698,0.87178,0.80574,7.2884e-11,2536
0.76639,11.821,16.393,3.7296,0,0,29.264,0.10922,0,28.716,17.692,0,0,0,1.8507,0.50203,0.8704,1.0244,3.1781,5.7435,3.2643,1.9276,4.621,0,5.0744,4.877,1.0737,7.3226,18.536,13.314,6.0975,1.7752,4.1214,2.3599,1.2353,19.089,2.5899,3.4191,0.94497,0.23025,0.52315,0.14996,0.17077,29.389,0,0.36637,0.14967,0.46891,0.36903,0.71727,0.18128,1.9244,1.9994,0.69471,0.35083,0.22622,0.30532,0.047723,0.25351,0.87937,0,0.042152,0.30368,0.28326,5.0907,0.1723,0.27171,0.36655,3.2272,2.3569,3.122,0,102.3,0.39155,0.17783,69.634,0.32539,1.3,5.0727,0.17039,0.22808,0.16189,6.9387,0.15882,1.3296,1.3689,0.40016,0.36468,0.20323,0.82052,0,0,6.1682,4.8295,16.969,6.1157,0,2.3623,0,1.202e-11,0,74.897,0,0,3.8207,7.8387,3.7761,0,13.122,2.6109,1.1345,0,0,23.532,0.447,82.137,2.2062,30.365,0.58258,0,3.6455,6.9678,0.27819,0.0064096,0.20346,0.26959,0.29778,7.6196,8.9053,4.0619,9.9751,8.7105,9.2281,10.553,9.4167,0,14.761,2.1777,186.76,10.08,0,0,3.0342,0.32457,2.2458,0.14631,0.658,0,0,0,0,0.016369,3.4116,1.1374,0.54946,0,0,8.3181,0.69126,1.9814,2.0927,2654
0.64872,10.006,13.876,4.0564,0,0,22.45,0,0,48.921,2.5024,0,0,0,1.7487,0.42494,0.66777,0.78591,2.4383,8.7259,0.4617,0.27265,0.6536,0,0.71774,8.3085,1.8293,1.0357,28.161,1.8832,0.86244,0.25109,0.08167,0,0,9.3806,1.2727,1.6802,1.1445,0.27888,0.30402,0.087149,0.09924,17.079,0,0.31012,0.18128,0.56794,0.21446,0.68308,0.10535,1.1183,1.1619,0.58804,0.29696,0.19148,0.25844,0,0.21459,0.74435,0,0.03568,0.042953,0.23977,0.72004,0.14584,0.23,0.31027,2.7317,1.995,2.6427,0,42.233,0.33143,0.15053,84.34,0.27543,1.1004,4.2939,0.14423,0.19306,0.13703,4.6224,0.13443,1.1254,1.1587,0.33872,0.30869,0.17203,0.69454,0,0,5.2211,3.7052,2.4001,1.2452,0,1.8123,0,1.202e-11,0,15.25,0,231.02,0.5404,1.5961,0.53411,0,1.856,2.8397,1.234,0,0,18.053,0.091015,63.011,6.3076,6.1827,0.11862,0,1.7914,4.0492,0.23548,0.0054255,0.24642,0.32652,0.17305,3.7443,7.538,3.4383,8.4435,7.373,7.8112,8.9326,7.9709,0,9.8333,2.3685,29.034,9.5996,0,0,2.3278,0.24901,1.7229,0.12384,0.55697,0,0,0,0,0,2.6172,0.87258,0.42155,0,0,5.5413,0.58512,1.1515,1.6055,2764
1.2143,18.729,25.973,4.6786,0,0,21.725,6.0584,0,92.932,6.223,0,0,0,3.3532,0.79541,4.2106,4.9555,15.374,15.222,1.1482,0.67803,1.6254,0,1.7849,15.783,3.4749,2.5756,49.126,4.6832,2.1447,0.62441,0,0,0,6.4101,0.86967,1.1481,1.475,0.35939,0.46971,0.13465,0.15333,26.387,0,0.58047,0.23361,0.73192,0.33133,0.22193,0.16277,1.7278,1.7951,1.1007,0.55585,0.35842,0.48374,2.6472,0.40166,1.3933,0,0.066786,0.10682,0.4488,1.7906,0.27299,0.4305,0.58076,5.1132,3.7342,4.9465,0,23.854,0.62037,0.28175,108.69,0.51555,2.0598,8.0372,0.26997,0.36136,0.25649,0.89304,0.25163,2.1066,2.1689,0.634,0.5778,0.322,1.3,0,0,9.7729,23.363,5.9685,1.6387,0,11.428,0,1.202e-11,0,20.069,0,0,1.3439,2.1004,1.3282,0,4.6156,3.2752,1.4232,0,0,17.47,0.11978,60.977,1.98,8.1365,0.15611,0,1.2241,6.256,0.44077,0.010155,0.31757,0.42079,0.26736,2.5586,14.11,6.4357,15.805,13.801,14.621,16.72,14.92,0,1.8998,2.7318,0,3.1188,0,0,14.678,1.5701,1.6672,0.23181,1.0425,0,0,0,0,0.90797,2.5327,5.502,2.6581,0,0,1.0706,1.0952,1.779,10.123,3207
5.5596,85.752,118.92,13.485,0,0,62.092,28.872,0,194.45,114.91,0,0,0,8.9746,3.6418,17.02,20.031,62.145,30.207,21.201,12.52,30.013,0,32.959,33.024,7.2709,47.56,97.484,86.478,39.603,11.53,1.3279,0,0.17806,12.376,1.679,2.2166,2.0449,0.49827,0.2166,0.06209,0.070704,12.168,2.6688,2.6578,0.32389,1.0147,0.15279,12.424,0.075057,0.79674,0.8278,5.0396,2.545,1.6411,2.2149,12.616,1.839,6.3793,0,0.30579,1.9724,2.0549,33.064,1.2499,1.9711,2.6591,23.411,17.097,22.648,0,60.763,2.8404,1.29,150.69,2.3605,9.431,36.799,1.2361,1.6545,1.1744,0,1.1521,9.6452,9.9306,2.9029,2.6455,1.4743,5.9523,0.039249,0.292,44.746,94.435,110.21,2.1188,0,46.191,0,1.202e-11,0,25.948,0,0,24.815,2.7157,24.526,0,85.228,9.4401,4.1021,0,0,49.932,0.15486,174.28,3.5073,10.52,0.20183,0,2.3634,2.8849,2.0181,0.046497,0.44028,0.58339,0.12329,4.9398,64.602,29.467,72.363,63.188,66.944,76.554,68.312,0,0,7.8737,0,174.6,0,0,59.33,6.3466,4.7652,1.0614,4.7734,0,0,0,0,4.3271,7.2388,22.24,10.744,0,0,0,5.0146,0.82037,40.92,3236
18.737,289.01,400.79,30.212,0,0,87.185,59.994,0,264.19,175.79,0,0,0,25.416,12.274,34.494,40.596,125.95,40.5,32.434,19.153,45.915,0,50.42,44.869,9.8786,72.758,130.71,132.29,60.585,17.639,20.494,17.85,7.4319,58.438,7.9284,10.467,16.903,4.1187,6.184,1.7727,2.0186,347.4,32.915,8.9573,2.6772,8.3878,4.3622,43.467,2.1429,22.747,23.634,16.985,8.5773,5.5308,7.4646,26.214,6.198,21.5,67.486,1.0306,3.0174,6.9254,50.581,4.2124,6.6431,8.9617,78.901,57.622,76.33,0,345.75,9.5729,4.3478,1245.6,7.9554,31.785,124.02,4.1658,5.5762,3.958,0,3.8829,32.507,33.469,9.7833,8.916,4.9688,20.061,0.48407,3.6014,150.81,191.39,168.6,4.5294,0,93.615,0,7.0096,0,55.47,0,0,37.963,5.8055,37.52,0,130.38,21.15,9.1905,0,0,70.11,0.33105,244.71,2.5174,22.489,0.43147,0,11.16,82.364,6.8015,0.15671,3.6394,4.8223,3.5199,23.326,217.72,99.31,243.88,212.96,225.62,258.01,230.23,5.5048,0,17.64,0,610.85,0,0,120.24,12.863,6.6909,3.5771,16.087,0,0,0,0,8.9914,10.164,45.073,21.775,0,0,0,16.9,23.422,82.932,3360
37.835,583.56,809.28,39.344,0,0,105.59,106.77,0,377.67,261.53,0,0,0,78.693,24.784,60.754,71.503,221.83,57.251,48.253,28.495,68.309,0,75.012,64.142,14.122,108.25,184.76,196.82,90.136,26.242,42.246,38.427,15.664,110.71,15.021,19.83,66.327,16.161,24.355,6.9815,7.9502,1368.2,261.54,18.087,10.505,32.913,17.18,96.17,8.4396,89.588,93.08,34.296,17.319,11.168,15.073,46.651,12.515,43.412,652.08,2.081,4.4891,13.984,75.252,8.5058,13.414,18.096,159.32,116.35,154.13,0,669.17,19.33,8.7791,4887.6,16.064,64.18,250.43,8.4117,11.26,7.992,0,7.8404,65.638,67.58,19.755,18.003,10.033,40.507,3.8464,28.616,304.51,337.1,250.84,11.3,0,164.89,0,67.73,0,138.39,0,0,56.479,14.484,55.82,0,193.98,27.543,11.968,0,0,84.914,0.82594,296.38,5.9964,56.107,1.0765,0,21.143,324.38,13.734,0.31643,14.281,18.922,13.863,44.191,439.63,200.53,492.44,430.01,455.57,520.97,464.88,53.19,0,22.972,0,1351.5,0,0,211.79,22.655,8.1037,7.2228,32.484,0,0,0,0,16.001,12.31,79.388,38.353,0,0,0,34.126,92.244,146.07,3021.5
39.444,608.38,843.7,43.128,0,0,108.87,63.05,0,366.29,431.93,0,0,0,57.489,25.838,36.209,42.615,132.21,55.571,79.693,47.061,112.82,0,123.89,62.209,13.696,178.77,179.34,325.06,148.86,43.339,44.732,40.779,16.605,116.69,15.831,20.9,15.574,3.7946,8.3984,2.4075,2.7415,471.8,338.04,18.856,2.4666,7.7279,5.9242,191.06,2.9102,30.893,32.097,35.755,18.056,11.643,15.714,27.55,13.047,45.259,339.12,2.1695,7.414,14.579,124.28,8.8676,13.984,18.865,166.09,121.3,160.68,0,706.14,20.152,9.1524,1147.6,16.747,66.91,261.08,8.7695,11.738,8.3319,25.791,8.1739,68.429,70.455,20.595,18.769,10.46,42.23,4.9715,36.986,317.46,200.91,414.27,19.978,0,98.271,0,35.224,0,244.66,0,0,93.277,25.606,92.19,0,320.36,30.192,13.12,0,0,87.547,1.4602,305.57,7.8632,99.191,1.9031,0,22.284,111.86,14.318,0.32988,3.353,4.4429,4.7804,46.577,458.33,209.06,513.39,448.3,474.94,543.13,484.65,27.662,54.866,25.182,0,2685,0,0,126.22,13.502,8.355,7.53,33.865,0,0,0,0,9.4494,12.692,47.315,22.858,0,0,30.918,35.577,31.809,87.057,3076.1
24.089,371.55,515.26,32.65,0,0,97.713,20.324,0,363.17,233.33,0,0,0,53.846,15.78,12.22,14.382,44.62,55.11,43.05,25.423,60.944,0,66.924,61.679,13.58,96.573,177.86,175.6,80.416,23.412,15.803,13.411,5.6563,47.163,6.3987,8.4475,9.8321,2.3957,4.7117,1.3506,1.538,264.69,312.24,11.516,1.5573,4.8789,3.3236,132.2,1.6327,17.332,18.007,21.836,11.027,7.1104,9.5966,8.8806,7.9683,27.64,129.91,1.3249,4.0051,8.9033,67.138,5.4156,8.5405,11.521,101.44,74.08,98.131,0,275.99,12.307,5.5895,724.52,10.228,40.863,159.44,5.3557,7.1688,5.0884,40.533,4.9919,41.791,43.028,12.578,11.462,6.3879,25.79,4.592,34.164,193.88,67.805,223.79,18.722,0,33.165,0,13.494,0,229.28,0,0,50.389,23.996,49.801,0,173.06,22.857,9.9321,0,0,78.576,1.3684,274.26,11.597,92.956,1.7834,0,9.0066,62.755,8.7441,0.20147,2.1169,2.805,2.6819,18.825,279.91,127.67,313.53,273.78,290.06,331.7,295.98,10.597,86.225,19.064,0,1857.9,0,0,42.599,4.5569,7.4989,4.5987,20.682,0,0,0,0,3.046,11.392,15.968,7.7144,0,0,48.59,21.727,17.845,29.381,2880.7
8.9159,137.52,190.71,31.728,0,0,72.777,0,0,139.97,125.37,0,0,0,16.37,5.8404,0,4.1231e-11,1.2738e-09,22.165,23.131,13.66,32.745,0,35.959,23.772,5.2338,51.89,71.533,94.35,43.208,12.579,5.3891,3.5593,1.7151,22.136,3.0032,3.9649,2.9335,0.71478,1.4145,0.40547,0.46172,79.461,0,4.2622,0.46463,1.4557,0.99777,67.795,0.49015,5.203,5.4058,8.082,4.0814,2.6317,3.5519,0,2.9492,10.23,0,0.49038,2.152,3.2953,36.074,2.0044,3.161,4.2643,37.544,27.419,36.32,0,121.15,4.5551,2.0688,216.17,3.7855,15.124,59.014,1.9823,2.6534,1.8833,16.996,1.8476,15.468,15.926,4.6553,4.2425,2.3643,9.5457,0,0,71.759,0,120.24,18.681,0,5.1792e-10,0,1.202e-11,0,228.78,0,0,27.074,23.944,26.759,0,92.986,22.211,9.6517,0,0,58.524,1.3654,204.27,6.7318,92.753,1.7795,0,4.2273,18.839,3.2364,0.074567,0.6316,0.83689,0.80512,8.8357,103.6,47.255,116.05,101.33,107.36,122.77,109.55,0,36.155,18.525,0,952.74,0,0,7.5919e-10,1.1569e-10,5.5852,1.7021,7.655,0,0,0,0,0,8.4845,0,5.5853e-11,0,0,20.374,8.0418,5.3573,7.2884e-11,3087
5.662,87.331,121.11,15.016,0,0,45.607,0,0,65.228,80.003,0,0,0,18.945,3.7089,0,4.1231e-11,1.2738e-09,11.133,14.761,8.7168,20.896,0,22.946,11.078,2.439,33.113,35.929,60.208,27.573,8.0274,1.7693,0.13477,0.34514,13.437,1.823,2.4067,1.8299,0.44586,4.0919,1.173,1.3357,229.87,6.2271,2.7067,0.28982,0.90801,2.8864,19.025,1.4179,15.052,15.638,5.1324,2.5919,1.6713,2.2557,0,1.8729,6.4967,15.184,0.31142,1.3732,2.0927,23.02,1.2729,2.0074,2.708,23.842,17.412,23.065,0,67.327,2.8927,1.3138,134.84,2.404,9.6046,37.477,1.2588,1.685,1.196,12.994,1.1733,9.8228,10.113,2.9563,2.6942,1.5015,6.062,0.09158,0.68133,45.57,0,76.732,14.045,0,5.1792e-10,0,1.5771,0,172,0,682.76,17.277,18.002,17.076,0,59.338,10.512,4.5679,0,0,36.675,1.0265,128.01,1.5557,69.733,1.3379,0,2.566,54.499,2.0553,0.047354,0.39397,0.52203,2.3291,5.3633,65.792,30.009,73.695,64.352,68.176,77.964,69.57,1.2386,27.642,8.7676,25.494,267.37,0,0,7.5919e-10,1.1569e-10,3.5001,1.0809,4.8613,0,0,0,0,0,5.317,0,5.5853e-11,0,0,15.577,5.1069,15.498,7.2884e-11,2737
3.0199,46.579,64.595,9.946,0,0,24.947,0,0,45.835,26.526,0,0,0,8.5433,1.9782,0.017736,0.020874,0.064761,8.2704,4.8942,2.8902,6.9283,0,7.6082,7.7844,1.7139,10.979,26.691,19.963,9.1421,2.6616,2.634,0.95273,0.67236,15.514,2.1049,2.7789,1.9464,0.47426,1.2876,0.3691,0.42031,72.334,0.88958,1.4436,0.30828,0.96585,0.90827,7.1106,0.44618,4.7363,4.9209,2.7374,1.3824,0.89139,1.2031,0,0.99893,3.4651,0,0.1661,0.45532,1.1162,7.6325,0.67892,1.0707,1.4444,12.716,9.2869,12.302,0,80.183,1.5429,0.70073,143.43,1.2822,5.1227,19.989,0.67141,0.89871,0.6379,9.2637,0.6258,5.2391,5.3941,1.5768,1.437,0.80082,3.2332,0.013083,0.097333,24.305,0.098411,25.441,16.129,0,0.048136,0,1.202e-11,0,197.53,0,0,5.7284,20.673,5.6617,0,19.674,6.9627,3.0256,0,0,20.061,1.1789,70.02,1.2163,80.084,1.5365,0,2.9628,17.15,1.0962,0.025256,0.41907,0.55528,0.7329,6.1927,35.09,16.006,39.306,34.323,36.362,41.583,37.106,0,19.707,5.8073,65.252,99.928,0,0,0.061828,0.0066138,1.9145,0.57651,2.5928,0,0,0,0,0,2.9083,0.023176,0.011196,0,0,11.105,2.7238,4.8768,0.042643,2290
1.2793,19.733,27.365,3.3298,0,0,11.68,0,0,17.084,17.036,0,0,0,3.2453,0.83804,0,4.1231e-11,1.2738e-09,4.0266,3.1432,1.8562,4.4496,0,4.8863,2.9015,0.6388,7.0511,12.995,12.821,5.8714,1.7094,3.1755,1.465,0.87731,16.816,2.2815,3.012,0.97595,0.2378,0.95624,0.27411,0.31214,53.719,0,0.61158,0.15458,0.48429,0.67453,0.34043,0.33136,3.5174,3.6546,1.1597,0.58564,0.37763,0.50967,0,0.42319,1.4679,0,0.070365,0.29242,0.47285,4.9019,0.28762,0.45358,0.61189,5.3872,3.9343,5.2116,0,88.235,0.65362,0.29685,71.917,0.54318,2.1702,8.468,0.28443,0.38073,0.27024,6.3979,0.26512,2.2195,2.2852,0.66798,0.60876,0.33926,1.3697,0,0,10.297,0,16.339,3.1933,0,5.1792e-10,0,1.202e-11,0,39.108,0,0,3.679,4.093,3.6361,0,12.636,2.331,1.0129,0,0,9.3924,0.2334,32.783,0.11314,15.855,0.3042,0,3.2113,12.736,0.46439,0.0107,0.21013,0.27842,0.54429,6.7122,14.866,6.7806,16.652,14.54,15.405,17.616,15.719,0,13.61,1.9442,269.18,4.7842,0,0,7.5919e-10,1.1569e-10,0.89636,0.24423,1.0984,0,0,0,0,0,1.3617,0,5.5853e-11,0,0,7.6698,1.1539,3.6218,7.2884e-11,2080
0.7705,11.884,16.481,4.8643,0,0,38.532,1.7653,0,40.801,15.251,0,0,0,3.0654,0.50472,1.8002,2.1187,6.5732,7.5273,2.8139,1.6617,3.9834,0,4.3743,6.9294,1.5256,6.3123,24.293,11.477,5.2562,1.5303,2.7572,1.0694,0.71902,15.811,2.1451,2.8319,3.1649,0.77116,0.92728,0.26581,0.30269,52.092,0,0.36834,0.50127,1.5705,0.6541,0.52849,0.32132,3.4109,3.5439,0.69844,0.35271,0.22743,0.30696,0.77134,0.25487,0.88409,0,0.042379,0.26178,0.28478,4.3883,0.17322,0.27317,0.36852,3.2445,2.3695,3.1388,0,82.016,0.39365,0.17879,233.22,0.32714,1.307,5.1,0.1713,0.2293,0.16276,6.9387,0.15967,1.3367,1.3763,0.4023,0.36664,0.20432,0.82493,0,0,6.2013,9.9887,14.627,6.876,0,4.8858,0,1.202e-11,0,84.209,0,0,3.2935,8.8133,3.2551,0,11.312,3.4052,1.4797,0,0,30.985,0.50257,108.15,3.1962,34.14,0.65501,0,3.0194,12.35,0.27969,0.006444,0.68142,0.9029,0.52781,6.311,8.9531,4.0837,10.029,8.7572,9.2777,10.61,9.4673,0,14.761,2.8402,0,7.427,0,0,6.2755,0.6713,2.9571,0.14709,0.66153,0,0,0,0,0.26457,4.4921,2.3524,1.1364,0,0,8.3181,0.69497,3.5121,4.3282,3199
1.1505,17.745,24.609,4.6754,0,0,27.109,1.5837,0,56.683,8.7754,0,0,0,7.5385,0.75364,1.6983,1.9987,6.2009,9.8716,1.6191,0.95613,2.2921,0,2.517,9.6268,2.1195,3.6321,31.858,6.6041,3.0244,0.88051,0,0,0,4.0159,0.54485,0.7193,2.8091,0.68446,0.82651,0.23692,0.2698,46.431,0,0.54999,0.44492,1.3939,0.58302,0.61729,0.2864,3.0402,3.1587,1.0429,0.52666,0.3396,0.45834,0.69199,0.38057,1.3201,0,0.063279,0.15063,0.42523,2.525,0.25865,0.4079,0.55026,4.8446,3.5381,4.6867,0,9.0413,0.58779,0.26696,207,0.48847,1.9516,7.6151,0.25579,0.34239,0.24302,4.6224,0.23841,1.9959,2.055,0.60071,0.54745,0.30509,1.2318,0,0,9.2597,9.4229,8.4166,1.9241,0,4.609,0,1.202e-11,0,23.564,0,0,1.8951,2.4662,1.873,0,6.5087,3.273,1.4223,0,0,21.8,0.14063,76.089,1.9234,9.5534,0.18329,0,0.76691,11.008,0.41762,0.009622,0.60481,0.80139,0.47045,1.603,13.369,6.0977,14.975,13.076,13.853,15.842,14.136,0,9.8333,2.7299,0,8.675,0,0,5.9201,0.63328,2.0804,0.21964,0.98779,0,0,0,0,0.23735,3.1604,2.2191,1.0721,0,0,5.5413,1.0377,3.1304,4.0831,2678.2
1.9801,30.542,42.355,8.9251,0,0,43.683,0,0,98.889,18.781,0,0,0,2.7032,1.2971,0,4.1231e-11,1.2738e-09,16.101,3.4652,2.0463,4.9054,0,5.3868,16.795,3.6977,7.7733,51.963,14.134,6.4728,1.8845,0,0,0,8.1537,1.1062,1.4604,0.13246,0.032274,0.14079,0.040357,0.045957,7.909,0,0.9466,0.020979,0.065728,0.099311,14.967,0.048786,0.51787,0.53806,1.7949,0.90644,0.58448,0.78886,0,0.655,2.2721,0,0.10891,0.32237,0.73186,5.404,0.44517,0.70204,0.94707,8.3382,6.0895,8.0664,0,34.642,1.0117,0.45947,9.7606,0.84072,3.359,13.107,0.44024,0.58929,0.41827,0.89304,0.41034,3.4353,3.5369,1.0339,0.94223,0.5251,2.12,0,0,15.937,0,18.013,0.99047,0,5.1792e-10,0,1.202e-11,0,12.13,0,0,4.0558,1.2695,4.0086,0,13.93,6.248,2.715,0,0,35.128,0.072394,122.61,2.2628,4.9178,0.094352,0,1.5571,1.8751,0.71878,0.016561,0.028518,0.037788,0.080136,3.2546,23.009,10.495,25.773,22.505,23.843,27.266,24.33,0,1.8998,5.2112,74.653,210.34,0,0,7.5919e-10,1.1569e-10,3.3524,0.37802,1.7001,0,0,0,0,0,5.0927,0,5.5853e-11,0,0,1.0706,1.786,0.53323,7.2884e-11,3253.6
12.191,188.04,260.77,20.792,0,0,95.515,104.87,0,310.91,82.805,0,0,0,13.282,7.9859,59.691,70.251,217.95,47.397,15.278,9.0221,21.628,0,23.75,52.803,11.626,34.272,152.96,62.316,28.538,8.3086,7.7894,5.8301,2.6235,27.904,3.7859,4.9981,1.3617,0.33178,0.93449,0.26788,0.30504,52.497,0,5.828,0.21567,0.67569,0.65919,32.985,0.32382,3.4374,3.5714,11.051,5.5807,3.5985,4.8568,45.824,4.0327,13.989,0,0.67053,1.4213,4.5059,23.826,2.7408,4.3223,5.8309,51.336,37.491,49.663,0,156.84,6.2285,2.8288,100.34,5.1761,20.68,80.694,2.7105,3.6281,2.5752,0,2.5264,21.15,21.776,6.3654,5.8011,3.2329,13.052,0,0,98.12,331.2,79.419,2.3222,0,162,0,1.202e-11,0,28.439,0,0,17.882,2.9764,17.674,0,61.416,14.555,6.3249,0,0,76.808,0.16973,268.09,2.0648,11.53,0.22121,0,5.3289,12.446,4.4253,0.10196,0.29317,0.38846,0.53191,11.138,141.66,64.615,158.68,138.56,146.8,167.87,149.8,0,0,12.14,0,463.55,0,0,208.08,22.259,7.3302,2.3274,10.467,0,0,0,0,15.717,11.135,77.998,37.681,0,0,0,10.996,3.5394,143.51,2867
25.165,388.14,538.27,32.64,0,0,96.046,313.23,0,356.31,266.02,0,0,0,54.429,16.484,176.68,207.93,645.1,54.098,49.082,28.984,69.482,0,76.3,60.514,13.323,110.1,174.59,200.2,91.683,26.692,68.82,63.568,25.721,174.58,23.685,31.269,24.133,5.8801,4.3726,1.2534,1.4273,245.64,69.388,12.03,3.8222,11.975,3.0844,99.813,1.5152,16.084,16.711,22.811,11.52,7.4279,10.025,136.87,8.3241,28.875,368.64,1.3841,4.5662,9.3009,76.544,5.6574,8.9219,12.036,105.97,77.388,102.51,0,1064.3,12.857,5.8391,1778.3,10.684,42.688,166.57,5.5948,7.489,5.3157,0,5.2148,43.657,44.949,13.139,11.974,6.6732,26.942,1.0205,7.592,202.54,980.3,255.14,5.2525,0,479.49,0,38.29,0,64.326,0,0,57.448,6.7324,56.779,0,197.31,22.85,9.9291,0,0,77.235,0.38391,269.58,5.4307,26.079,0.50035,0,33.339,58.238,9.1346,0.21046,5.1958,6.8846,2.4889,69.683,292.41,133.38,327.54,286.01,303.01,346.51,309.2,30.07,0,19.058,0,1402.7,0,0,615.89,65.882,7.3709,4.8041,21.606,0,0,0,0,46.944,11.197,230.86,111.53,0,0,0,22.698,16.561,424.78,3746.1
52.899,815.91,1131.5,38.064,0,0,110.76,337.62,0,418.22,342.21,0,0,0,124.6,34.651,190.37,224.05,695.12,63.236,63.139,37.286,89.382,0,98.153,71.028,15.638,141.64,204.08,257.54,117.94,34.337,130.87,122.27,49.204,323.7,43.917,57.978,66.222,16.135,15.4,4.4144,5.0268,865.1,336.26,25.288,10.488,32.86,10.863,139.51,5.3363,56.646,58.854,47.951,24.215,15.614,21.074,147.53,17.498,60.697,1293.2,2.9095,5.874,19.552,98.467,11.892,18.755,25.301,222.75,162.68,215.49,0,1986.9,27.026,12.274,4879.8,22.46,89.734,350.14,11.761,15.743,11.174,0,10.962,91.772,94.488,27.62,25.171,14.028,56.635,4.9453,36.792,425.75,1056.3,328.22,12.816,0,516.67,0,134.32,0,156.95,0,0,73.902,16.426,73.041,0,253.82,26.647,11.579,0,0,89.065,0.93671,310.87,3.7619,63.631,1.2208,0,61.816,205.1,19.202,0.44241,14.258,18.892,8.7654,129.21,614.67,280.37,688.51,601.23,636.96,728.4,649.97,105.49,0,22.225,0,1960.6,0,0,663.64,70.99,8.4999,10.099,45.418,0,0,0,0,50.6,12.912,248.76,120.18,0,0,0,47.713,58.325,457.71,3405.8
49.103,757.36,1050.3,43.355,0,0,104.1,170.21,0,294.63,418.32,0,0,0,91.179,32.165,96.376,113.43,351.9,44.994,77.182,45.578,109.26,0,119.98,50.039,11.017,173.14,145.21,314.81,144.17,41.974,76.634,70.961,28.679,193.36,26.233,34.633,26.735,6.5143,13.658,3.9153,4.4585,767.29,354.94,23.473,4.2345,13.267,9.6346,280.5,4.7329,50.241,52.199,44.51,22.477,14.494,19.562,74.373,16.242,56.342,919.49,2.7007,7.1804,18.148,120.37,11.039,17.409,23.485,206.77,151,200.03,0,1180.5,25.087,11.394,1970.1,20.848,83.294,325.01,10.917,14.613,10.372,25.791,10.175,85.186,87.707,25.638,23.365,13.021,52.571,5.22,38.835,395.2,534.75,401.21,26.64,0,261.56,0,95.506,0,326.26,0,0,90.338,34.146,89.285,0,310.27,30.351,13.189,0,0,83.71,1.9472,292.18,16.236,132.27,2.5378,0,36.926,181.92,17.824,0.41066,5.7562,7.6272,7.7743,77.18,570.56,260.25,639.1,558.08,591.25,676.13,603.33,75.003,54.866,25.314,0,3942,0,0,335.96,35.938,7.9888,9.374,42.158,0,0,0,0,25.51,12.136,125.93,60.84,0,0,30.918,44.289,51.731,231.71,3353.7
29.81,459.79,637.64,35.24,0,0,91.147,26.207,0,124.02,264.93,0,0,0,40.636,19.527,15.524,18.27,56.682,19.811,48.881,28.866,69.197,0,75.987,21.063,4.6374,109.65,63.935,199.38,91.307,26.583,12.425,10.215,4.3778,39.044,5.2972,6.9933,6.8379,1.6661,2.4654,0.70673,0.80478,138.5,85.4,14.251,1.083,3.3931,1.7391,229.02,0.85432,9.0688,9.4223,27.022,13.646,8.7992,11.876,11.451,9.8608,34.205,66.642,1.6396,4.5475,11.018,76.23,6.7018,10.569,14.258,125.53,91.675,121.44,0,225.76,15.23,6.9171,503.88,12.657,50.568,197.31,6.6277,8.8715,6.297,40.533,6.1775,51.717,53.247,15.565,14.185,7.9051,31.916,1.256,9.344,239.93,86.134,254.1,23.199,0,42.131,0,6.922,0,284.11,0,0,57.213,29.735,56.546,0,196.5,24.67,10.72,0,0,73.296,1.6956,255.83,7.5804,115.19,2.2099,0,7.4562,32.837,10.821,0.24932,1.4722,1.9508,1.4033,15.585,346.39,158,388,338.81,358.95,410.48,366.28,5.436,86.225,20.576,0,3218.5,0,0,54.115,5.7887,6.995,5.691,25.594,0,0,0,0,3.9277,10.626,20.285,9.7997,0,0,48.59,26.888,9.3377,37.323,3310
17.291,266.69,369.85,25.819,0,0,72.311,5.6722,0,80.599,139.97,0,0,0,27.641,11.326,3.9938,4.7004,14.583,13.402,25.825,15.251,36.559,0,40.146,13.689,3.0138,57.932,43.251,105.34,48.24,14.044,6.8472,4.9387,2.2669,25.64,3.4787,4.5925,5.7327,1.3968,1.8915,0.54221,0.61744,106.26,0,8.2658,0.90798,2.8447,1.3343,98.354,0.65545,6.9578,7.229,15.674,7.9152,5.1038,6.8884,2.4785,5.7196,19.84,32.056,0.95102,2.4026,6.3908,40.275,3.8873,6.1303,8.2699,72.81,53.174,70.437,0,142.83,8.8339,4.0121,422.44,7.3413,29.331,114.45,3.8442,5.1457,3.6524,16.996,3.5832,29.997,30.885,9.0281,8.2277,4.5852,18.512,0,0,139.16,22.16,134.25,24.322,0,10.839,0,3.3296,0,297.86,0,0,30.227,31.174,29.875,0,103.81,18.075,7.8541,0,0,58.149,1.7777,202.96,17.028,120.76,2.3169,0,4.8965,25.193,6.2765,0.14461,1.2343,1.6355,1.0766,10.234,200.92,91.643,225.05,196.52,208.2,238.09,212.46,2.6148,36.155,15.075,59.103,1382.2,0,0,13.922,1.4893,5.5494,3.3009,14.845,0,0,0,0,0.8501,8.4301,5.2187,2.5212,0,0,20.374,15.596,7.1641,9.6022,2684
7.1211,109.84,152.32,12.102,0,0,44.107,3.0898,0,33.191,66.769,0,0,0,16.154,4.6647,2.5439,2.9939,9.2886,6.4041,12.319,7.2749,17.439,0,19.151,5.637,1.2411,27.635,20.668,50.248,23.012,6.6995,3.5281,1.7986,1.0108,17.663,2.3964,3.1638,3.02,0.73585,1.2628,0.362,0.41222,70.942,20.46,3.4042,0.47832,1.4986,0.8908,28.722,0.4376,4.6452,4.8262,6.4551,3.2598,2.102,2.8369,1.3501,2.3556,8.1709,51.458,0.39167,1.1461,2.632,19.212,1.6009,2.5247,3.4059,29.986,21.899,29.009,0,93.478,3.6382,1.6524,222.54,3.0234,12.08,47.135,1.5832,2.1192,1.5042,12.994,1.4757,12.354,12.72,3.7182,3.3885,1.8884,7.6241,0.3009,2.2386,57.314,14.115,64.039,20.984,0,6.9041,0,5.3448,0,256.99,0,939.53,14.419,26.897,14.251,0,49.522,8.472,3.6814,0,0,35.469,1.5338,123.8,2.8851,104.19,1.999,0,3.3732,16.82,2.5849,0.059557,0.65021,0.86156,0.7188,7.0504,82.746,37.743,92.686,80.936,85.746,98.056,87.498,4.1974,27.642,7.0662,43.319,403.64,0,0,8.868,0.94861,3.385,1.3595,6.114,0,0,0,0,0.46307,5.1421,3.3241,1.6059,0,0,15.577,6.423,4.7829,6.1162,2427
3.4104,52.603,72.949,8.6626,0,0,24.962,0,0,15.742,32.335,0,0,0,9.4723,2.234,0,4.1231e-11,1.2738e-09,3.8285,5.966,3.5231,8.4456,0,9.2743,2.6735,0.58862,13.383,12.356,24.334,11.144,3.2445,4.7744,2.9777,1.4825,20.659,2.8028,3.7003,2.497,0.60841,1.6225,0.4651,0.52963,91.147,0,1.6303,0.39548,1.2391,1.1445,1.0898,0.56223,5.9682,6.2008,3.0915,1.5612,1.0067,1.3587,0,1.1281,3.9132,0,0.18758,0.55503,1.2605,9.304,0.76672,1.2091,1.6312,14.361,10.488,13.893,0,112.01,1.7424,0.79135,184,1.448,5.7852,22.574,0.75824,1.0149,0.7204,9.2637,0.70674,5.9166,6.0917,1.7807,1.6228,0.90438,3.6513,0,0,27.449,0,31.013,16.448,0,5.1792e-10,0,1.202e-11,0,201.44,0,654.23,6.9829,21.083,6.9015,0,23.983,6.0642,2.6352,0,0,20.073,1.2022,70.062,3.4508,81.669,1.5669,0,3.9452,21.61,1.238,0.028523,0.53761,0.71235,0.92352,8.246,39.629,18.076,44.389,38.762,41.065,46.961,41.905,0,19.707,5.058,0,15.315,0,0,7.5919e-10,1.1569e-10,1.9156,0.65107,2.9281,0,0,0,0,0,2.9101,0,5.5853e-11,0,0,11.105,3.0761,6.1452,7.2884e-11,1856.8
1.3633,21.027,29.16,2.992,0,0,14.594,0,0,21.656,14.538,0,0,0,5.5741,0.89301,0,4.1231e-11,1.2738e-09,4.7015,2.6823,1.584,3.7972,0,4.1698,3.6779,0.80976,6.0172,15.173,10.941,5.0105,1.4587,0.81332,0,0,11.139,1.5113,1.9952,1.2804,0.31197,0.7683,0.22024,0.25079,43.161,0,0.6517,0.20279,0.63534,0.54196,2.8043,0.26623,2.8261,2.9363,1.2358,0.62405,0.4024,0.5431,0,0.45095,1.5642,0,0.074981,0.24954,0.50386,4.1831,0.30648,0.48333,0.65202,5.7406,4.1924,5.5535,0,53.112,0.69649,0.31633,94.349,0.57881,2.3125,9.0234,0.30309,0.4057,0.28797,6.3979,0.28251,2.3651,2.4351,0.7118,0.64869,0.36151,1.4596,0,0,10.972,0,13.944,7.4254,0,5.1792e-10,0,1.202e-11,0,90.937,0,995.1,3.1395,9.5175,3.103,0,10.783,2.0945,0.91017,0,0,11.735,0.54273,40.961,4.667,36.868,0.70735,0,2.1272,10.233,0.49485,0.011401,0.27567,0.36527,0.43732,4.4462,15.841,7.2254,17.744,15.494,16.415,18.772,16.751,0,13.61,1.747,168.84,39.409,0,0,7.5919e-10,1.1569e-10,1.12,0.26025,1.1705,0,0,0,0,0,1.7013,0,5.5853e-11,0,0,7.6698,1.2296,2.9099,7.2884e-11,1869
0.4734,7.3017,10.126,3.6942,0,0,34.838,0.065787,0,15.831,20.015,0,0,0,1.8143,0.3101,0.84602,0.99569,3.0891,3.8417,3.6929,2.1807,5.2277,0,5.7407,2.6887,0.59195,8.284,12.398,15.063,6.8981,2.0083,0,0,0,6.8393,0.92791,1.225,0.78534,0.19135,0.25263,0.072418,0.082465,14.192,0,0.22631,0.12439,0.3897,0.1782,0.59162,0.087542,0.92927,0.96549,0.42912,0.21671,0.13974,0.1886,0.028746,0.15659,0.54319,0,0.026038,0.34356,0.17497,5.7591,0.10643,0.16784,0.22642,1.9934,1.4558,1.9285,0,26.51,0.24186,0.10985,57.871,0.20099,0.80304,3.1334,0.10525,0.14088,0.099999,6.9387,0.098102,0.82128,0.84559,0.24718,0.22526,0.12554,0.50684,0,0,3.8101,4.6942,19.197,6.1473,0,2.2961,0,1.202e-11,0,75.284,0,0,4.3223,7.8792,4.272,0,14.845,2.5861,1.1238,0,0,28.015,0.44931,97.782,2.2062,30.522,0.58559,0,1.3061,3.3648,0.17184,0.0039592,0.16909,0.22405,0.1438,2.73,5.5008,2.5091,6.1616,5.3805,5.7002,6.5186,5.8167,0,14.761,2.157,7.3546,8.3142,0,0,2.9492,0.31548,2.6736,0.090375,0.40645,0,0,0,0,0.0098596,4.0614,1.1055,0.53407,0,0,8.3181,0.42699,0.95683,2.0341,1650.8
1.1218,17.303,23.996,3.0532,0,0,9.8497,0.45117,0,43.095,1.9367,0,0,0,3.3299,0.73486,1.0624,1.2504,3.8792,7.8659,0.35733,0.21101,0.50585,0,0.55549,7.319,1.6114,0.80158,25.385,1.4575,0.66748,0.19433,0,0,0,6.1833,0.8389,1.1075,1.8094,0.44087,0.56219,0.16115,0.18351,31.582,0,0.53629,0.28657,0.89784,0.39657,0.47105,0.19481,2.0679,2.1486,1.0169,0.51354,0.33114,0.44692,0.19714,0.37109,1.2872,0,0.061702,0.033243,0.41463,0.55726,0.25221,0.39773,0.53656,4.724,3.45,4.57,0,22.451,0.57315,0.26031,133.33,0.4763,1.903,7.4255,0.24942,0.33386,0.23697,4.6224,0.23248,1.9462,2.0038,0.58575,0.53381,0.29749,1.2011,0,0,9.029,5.8948,1.8575,0.90252,0,2.8833,0,1.202e-11,0,11.053,0,0,0.41824,1.1568,0.41337,0,1.4364,2.1374,0.92878,0,0,7.9207,0.065966,27.646,2.0082,4.4812,0.085975,0,1.1808,7.4877,0.40722,0.0093824,0.38956,0.51618,0.32,2.4681,13.036,5.9458,14.602,12.75,13.508,15.447,13.784,0,9.8333,1.7827,0,6.6198,0,0,3.7035,0.39617,0.7559,0.21416,0.96318,0,0,0,0,0.067618,1.1483,1.3882,0.67067,0,0,5.5413,1.0119,2.1293,2.5543,1740
4.1849,64.548,89.515,12.474,0,0,67.515,15.453,0,64.404,40.195,0,0,0,5.6396,2.7413,9.4853,11.163,34.634,11.011,7.4162,4.3795,10.499,0,11.529,10.938,2.4082,16.636,35.536,30.25,13.853,4.0331,0,0,0,6.4327,0.87274,1.1522,2.453,0.5977,0.36935,0.10588,0.12057,20.749,0,2.0006,0.38852,1.2172,0.26054,13.083,0.12799,1.3586,1.4116,3.7935,1.9157,1.2353,1.6672,6.7521,1.3843,4.8019,0,0.23018,0.68994,1.5468,11.566,0.94084,1.4837,2.0016,17.622,12.87,17.048,0,23.994,2.1381,0.97106,180.76,1.7768,7.099,27.7,0.93043,1.2454,0.884,0.89304,0.86723,7.2602,7.4751,2.1851,1.9913,1.1098,4.4805,0,0,33.682,52.63,38.551,1.7983,0,25.743,0,1.202e-11,0,22.023,0,0,8.6803,2.3049,8.5791,0,29.812,8.7324,3.7946,0,0,54.292,0.13144,189.5,2.3759,8.9287,0.1713,0,1.2284,4.9193,1.5191,0.035,0.52814,0.69981,0.21023,2.5677,48.628,22.18,54.47,47.564,50.391,57.625,51.421,0,1.8998,7.2834,0,183.86,0,0,33.066,3.5371,5.1813,0.79892,3.5931,0,0,0,0,2.3159,7.871,12.394,5.9879,0,0,1.0706,3.7746,1.3989,22.805,2460
5.8911,90.864,126.01,13.761,0,0,75.343,157.97,0,257.19,40.959,0,0,0,5.722,3.859,89.502,105.34,326.8,39.467,7.5571,4.4627,10.698,0,11.748,43.68,9.6168,16.953,127.37,30.824,14.116,4.1098,3.2345,1.5209,0.89966,16.958,2.3007,3.0374,1.3766,0.33542,0.19143,0.054875,0.062488,10.754,0,2.8162,0.21803,0.68309,0.13503,26.452,0.066335,0.70416,0.7316,5.3401,2.6967,1.7389,2.3469,69.024,1.9487,6.7596,0,0.32402,0.70306,2.1774,11.785,1.3244,2.0886,2.8176,24.807,18.117,23.998,0,89.113,3.0098,1.367,101.44,2.5012,9.9932,38.993,1.3098,1.7532,1.2444,0,1.2208,10.22,10.523,3.0759,2.8032,1.5622,6.3072,0,0,47.414,496.61,39.284,1.0806,0,242.91,0,1.202e-11,0,13.234,0,0,8.8453,1.3851,8.7422,0,30.379,9.6334,4.1861,0,0,60.587,0.078983,211.47,3.9599,5.3654,0.10294,0,3.2384,2.5496,2.1384,0.04927,0.29639,0.39272,0.10896,6.7688,68.453,31.223,76.677,66.956,70.935,81.119,72.385,0,0,8.0348,0,371.74,0,0,312,33.375,5.7821,1.1246,5.0579,0,0,0,0,23.675,8.7836,116.95,56.501,0,0,0,5.3136,0.72504,215.19,2560
24.754,381.8,529.48,32.029,0,0,80.191,235.93,0,312.93,190.98,0,0,0,24.555,16.215,133.28,156.86,486.64,47.695,35.237,20.808,49.882,0,54.777,53.146,11.701,79.045,153.92,143.73,65.821,19.163,45.24,41.26,16.797,117.91,15.997,21.119,9.5332,2.3228,6.184,1.7727,2.0186,347.4,162.79,11.833,1.5099,4.7305,4.3622,48.053,2.1429,22.747,23.634,22.438,11.331,7.3066,9.8615,103.09,8.1882,28.403,369.48,1.3615,3.2782,9.149,54.952,5.565,8.7762,11.839,104.24,76.124,100.84,0,713.7,12.647,5.7438,702.49,10.51,41.99,163.85,5.5035,7.3667,5.2288,0,5.1297,42.944,44.215,12.925,11.779,6.5642,26.502,2.3941,17.812,199.23,739.5,183.17,4.3924,0,361.71,0,38.377,0,53.793,0,0,41.243,5.63,40.762,0,141.65,22.422,9.7432,0,0,64.486,0.32105,225.08,3.8185,21.809,0.41842,0,22.517,82.364,8.9854,0.20702,2.0525,2.7197,3.5199,47.064,287.63,131.2,322.19,281.34,298.06,340.85,304.15,30.138,0,18.701,7.3546,675.31,0,0,464.6,49.699,6.1542,4.7256,21.253,0,0,0,0,35.36,9.3489,174.15,84.135,0,0,0,22.327,23.422,320.43,2300
37.53,578.86,802.76,29.845,0,0,110.83,281.59,0,365.81,275.67,0,0,0,96.206,24.584,158.91,187.03,580.24,55.5,50.862,30.036,72.002,0,79.068,62.127,13.678,114.1,179.11,207.46,95.009,27.66,109.69,102.23,41.189,272.8,37.011,48.862,75.602,18.421,15.4,4.4144,5.0268,865.1,269.54,17.941,11.974,37.515,10.863,133.98,5.3363,56.646,58.854,34.02,17.18,11.078,14.951,123.04,12.414,43.063,836.82,2.0642,4.7319,13.871,79.321,8.4373,13.306,17.95,158.03,115.41,152.88,0,1672,19.174,8.7083,5571,15.934,63.663,248.41,8.3439,11.169,7.9276,0,7.7772,65.109,67.036,19.595,17.858,9.9522,40.181,3.964,29.492,302.06,881.74,264.4,8.9272,0,431.29,0,86.919,0,109.33,0,0,59.532,11.442,58.838,0,204.46,20.893,9.0789,0,0,89.125,0.6525,311.08,10.72,44.325,0.85041,0,52.096,205.1,13.623,0.31388,16.277,21.568,8.7654,108.89,436.09,198.91,488.48,426.55,451.9,516.77,461.13,68.259,0,17.426,0,1882.9,0,0,553.97,59.258,8.5056,7.1647,32.222,0,0,0,0,42.203,12.921,207.65,100.32,0,0,0,33.851,58.325,382.07,2793.8
47.153,727.29,1008.6,34.918,0,0,106.13,92.902,0,561.89,326.54,0,0,0,78.975,30.888,52.97,62.341,193.41,84.442,60.248,35.578,85.289,0,93.658,95.429,21.01,135.15,272.52,245.74,112.54,32.765,37.655,34.085,13.927,99.681,13.524,17.854,12.512,3.0487,13.787,3.9523,4.5006,774.54,300.68,22.541,1.9818,6.2089,9.7257,218.18,4.7777,50.716,52.693,42.743,21.585,13.918,18.785,40.594,15.598,54.105,357.67,2.5935,5.605,17.428,93.958,10.601,16.718,22.552,198.56,145.01,192.09,0,600.92,24.091,10.941,922.02,20.02,79.987,312.11,10.483,14.033,9.9604,25.791,9.7714,81.804,84.225,24.62,22.437,12.504,50.484,4.422,32.899,379.51,293.91,313.19,18.397,0,143.76,0,37.151,0,225.3,0,0,70.518,23.58,69.696,0,242.19,24.444,10.622,0,0,85.343,1.3446,297.88,18.329,91.342,1.7525,0,19.036,183.63,17.116,0.39436,2.6939,3.5696,7.8478,39.788,547.91,249.92,613.73,535.92,567.77,649.28,579.38,29.175,54.866,20.388,0,3066.2,0,0,184.65,19.753,8.1447,9.0018,40.484,0,0,0,0,13.923,12.373,69.217,33.439,0,0,30.918,42.53,52.22,127.35,2461
18.29,282.1,391.22,26.42,0,0,61.939,13.571,0,294.63,157.61,0,0,0,34.534,11.981,8.4286,9.9198,30.776,44.994,29.08,17.172,41.166,0,45.206,50.039,11.017,65.234,145.21,118.61,54.32,15.814,6.4383,4.5518,2.1122,24.657,3.3453,4.4165,4.2891,1.0451,2.0683,0.59288,0.67514,116.19,102.3,8.7434,0.67933,2.1283,1.459,172.17,0.71671,7.608,7.9045,16.579,8.3725,5.3987,7.2864,5.9298,6.05,20.986,32.056,1.006,2.7054,6.76,45.35,4.1119,6.4845,8.7478,77.017,56.246,74.507,0,136.75,9.3443,4.2439,316.06,7.7655,31.026,121.06,4.0664,5.4431,3.8635,40.533,3.7902,31.73,32.669,9.5497,8.7031,4.8501,19.582,1.5045,11.193,147.21,46.767,151.17,16.153,0,22.875,0,3.3296,0,197.82,0,0,34.037,20.704,33.64,0,116.9,18.495,8.037,0,0,49.808,1.1806,173.85,17.028,80.201,1.5387,0,4.7088,27.547,6.6391,0.15297,0.92346,1.2236,1.1773,9.8422,212.53,96.938,238.06,207.88,220.23,251.85,224.73,2.6148,86.225,15.426,0,2419.5,0,0,29.382,3.143,4.7534,3.4916,15.703,0,0,0,0,2.0339,7.221,11.014,5.3208,0,0,48.59,16.497,7.8336,20.265,2530.4
9.1253,140.75,195.19,13.263,0,0,41.678,0,0,178.69,55.559,0,0,0,17.779,5.9776,0.086907,0.10228,0.31733,27.88,10.251,6.0535,14.511,0,15.935,30.348,6.6816,22.995,89.977,41.812,19.148,5.5747,1.9778,0.33194,0.42402,13.937,1.8909,2.4964,2.6681,0.65011,1.7639,0.50564,0.5758,99.093,29.356,4.3623,0.42259,1.324,1.2443,78.024,0.61124,6.4885,6.7414,8.2718,4.1773,2.6936,3.6354,0,3.0185,10.471,9.2793,0.5019,0.95367,3.3727,15.986,2.0515,3.2353,4.3645,38.426,28.063,37.174,0,70.426,4.6621,2.1174,196.61,3.8744,15.48,60.401,2.0288,2.7157,1.9276,16.996,1.891,15.831,16.3,4.7646,4.3422,2.4199,9.7699,0.43173,3.212,73.444,0.48221,53.287,21.691,0,0.23586,0,0.96382,0,265.64,0,700.98,11.998,27.802,11.858,0,41.208,9.2847,4.0346,0,0,33.515,1.5854,116.98,19.884,107.7,2.0663,0,2.6616,23.494,3.3124,0.076319,0.57445,0.76117,1.004,5.5632,106.03,48.365,118.77,103.71,109.88,125.65,112.12,0.75691,36.155,7.7441,70.905,1096.5,0,0,0.30296,0.032407,3.1985,1.7421,7.8348,0,0,0,0,0,4.8588,0.11356,0.054862,0,0,20.374,8.2307,6.6809,0.20895,2517
5.5624,85.795,118.98,7.9997,0,0,24.886,0,0,29.989,43.603,0,0,0,13.21,3.6437,0.30152,0.35486,1.1009,5.9314,8.045,4.7508,11.389,0,12.506,5.0932,1.1213,18.047,19.142,32.814,15.028,4.3751,0.46811,0,0,10.309,1.3987,1.8466,0.98541,0.2401,0.85052,0.24381,0.27763,47.78,3.5583,2.6591,0.15607,0.48898,0.59996,20.36,0.29473,3.1286,3.2505,5.0422,2.5463,1.6419,2.216,0,1.84,6.3825,0,0.30594,0.74844,2.0559,12.546,1.2505,1.9721,2.6604,23.423,17.106,22.66,0,47.979,2.8418,1.2907,72.614,2.3617,9.4357,36.818,1.2367,1.6554,1.175,12.994,1.1527,9.65,9.9356,2.9043,2.6468,1.4751,5.9553,0.052331,0.38933,44.769,1.673,41.82,10.115,0,0.81831,0,1.202e-11,0,123.87,0,798.24,9.4163,12.964,9.3065,0,32.34,5.6002,2.4335,0,0,20.012,0.73928,69.849,4.5539,50.22,0.96351,0,1.9688,11.328,2.0191,0.046521,0.21216,0.28112,0.48412,4.1151,64.634,29.481,72.399,63.22,66.977,76.593,68.346,0,27.642,4.6709,96.8,286.12,0,0,1.0511,0.11244,1.9098,1.0619,4.7758,0,0,0,0,0,2.9012,0.394,0.19034,0,0,15.577,5.0171,3.2213,0.72493,2020
3.225,49.742,68.982,6.683,0,0,24.949,0,0,25.471,30.406,0,0,0,7.0022,2.1125,0.7804,0.91846,2.8495,5.2646,5.61,3.3129,7.9418,0,8.7211,4.3259,0.95241,12.585,16.99,22.883,10.479,3.0509,8.2024,6.2207,2.7798,28.897,3.9205,5.1758,1.6969,0.41345,1.8109,0.5191,0.59112,101.73,0.88958,1.5417,0.26876,0.84202,1.2774,3.2755,0.62751,6.6611,6.9208,2.9233,1.4763,0.95193,1.2848,0,1.0668,3.7004,5.905,0.17738,0.52192,1.192,8.749,0.72503,1.1434,1.5425,13.58,9.9177,13.138,0,162.98,1.6476,0.74832,125.04,1.3692,5.4706,21.346,0.717,0.95975,0.68123,9.2637,0.66831,5.5949,5.7605,1.6839,1.5346,0.8552,3.4528,0.013083,0.097333,25.956,4.3301,29.163,14.881,0,2.118,0,0.61334,0,182.24,0,613.11,6.5663,19.073,6.4898,0,22.552,4.6784,2.033,0,0,20.062,1.0876,70.025,3.875,73.885,1.4175,0,5.5184,24.119,1.1706,0.026972,0.36534,0.48409,1.0308,11.534,37.474,17.093,41.975,36.654,38.832,44.407,39.626,0.48167,19.707,3.9021,269.07,46.031,0,0,2.7204,0.29101,1.9146,0.61567,2.7689,0,0,0,0,0,2.9085,1.0197,0.49265,0,0,11.105,2.9088,6.8587,1.8763,2200
3.0949,47.735,66.199,10.519,0,0,22.812,1.5,0,12.958,46.367,0,0,0,12.46,2.0273,1.6513,1.9434,6.0293,3.4176,8.5549,5.0519,12.111,0,13.299,2.2007,0.48453,19.191,11.029,34.894,15.98,4.6524,7.8311,5.8695,2.6393,28.005,3.7995,5.016,1.9601,0.4776,1.3435,0.38513,0.43857,75.476,0,1.4795,0.31045,0.97266,0.94773,1.9203,0.46557,4.9421,5.1347,2.8054,1.4167,0.91352,1.2329,0.65541,1.0237,3.5511,0,0.17022,0.79589,1.1439,13.342,0.69578,1.0973,1.4802,13.032,9.5176,12.608,0,157.46,1.5812,0.71813,144.44,1.314,5.2499,20.485,0.68808,0.92103,0.65374,6.3979,0.64134,5.3692,5.5281,1.6159,1.4727,0.8207,3.3135,0,0,24.909,9.1621,44.471,11.708,0,4.4815,0,1.202e-11,0,143.38,0,1154.9,10.013,15.006,9.8965,0,34.39,7.3638,3.1999,0,0,18.344,0.85572,64.028,6.6187,58.13,1.1153,0,5.3481,17.894,1.1234,0.025884,0.42202,0.55919,0.76474,11.178,35.962,16.403,40.282,35.175,37.265,42.615,38.027,0,13.61,6.1419,686.76,26.986,0,0,5.7562,0.61575,1.7507,0.59083,2.6572,0,0,0,0,0.2248,2.6594,2.1577,1.0424,0,0,7.6698,2.7915,5.0886,3.9701,2398
0.82127,12.667,17.567,2.4274,0,0,10.982,0,0,11.266,5.8537,0,0,0,1.7808,0.53798,0,4.1231e-11,1.2738e-09,3.1679,1.08,0.63779,1.5289,0,1.679,1.9134,0.42126,2.4228,10.223,4.4053,2.0175,0.58735,1.369,0,0.19364,12.475,1.6925,2.2344,0.33099,0.080647,0.20259,0.058074,0.066131,11.381,0,0.39261,0.052423,0.16424,0.14291,0.39633,0.070203,0.74521,0.77426,0.74446,0.37595,0.24242,0.32718,0,0.27167,0.94235,0,0.045171,0.10048,0.30355,1.6843,0.18464,0.29117,0.3928,3.4583,2.5256,3.3456,0,61.375,0.41959,0.19057,24.39,0.34869,1.3932,5.436,0.18259,0.24441,0.17348,6.9387,0.17019,1.4248,1.467,0.42881,0.3908,0.21779,0.87929,0,0,6.61,0,5.6143,4.3168,0,5.1792e-10,0,1.202e-11,0,52.867,0,0,1.2641,5.5331,1.2494,0,4.3417,1.6993,0.73842,0,0,8.8312,0.31552,30.824,5.3176,21.434,0.41122,0,2.3823,2.6983,0.29812,0.0068686,0.071262,0.094425,0.11531,4.9793,9.5431,4.3528,10.689,9.3343,9.889,11.309,10.091,0,14.761,1.4173,138.54,5.5698,0,0,7.5919e-10,1.1569e-10,0.8428,0.15679,0.70513,0,0,0,0,0,1.2803,0,5.5853e-11,0,0,8.3181,0.74076,0.76731,7.2884e-11,1612
1.0848,16.731,23.203,3.9186,0,0,20.45,0,0,65.095,1.3043,0,0,0,3.4246,0.71058,0.44341,0.52186,1.619,11.113,0.24065,0.14211,0.34067,0,0.3741,11.055,2.434,0.53984,35.865,0.98158,0.44952,0.13087,0.24738,0,0,9.7789,1.3267,1.7515,1.7209,0.41931,0.58568,0.16789,0.19118,32.902,0,0.51857,0.27256,0.85394,0.41314,0.64338,0.20295,2.1544,2.2384,0.9833,0.49657,0.32019,0.43215,0,0.35882,1.2447,0,0.059663,0.022388,0.40093,0.3753,0.24387,0.38459,0.51882,4.5678,3.3359,4.419,0,44.697,0.55421,0.25171,126.81,0.46056,1.8401,7.1801,0.24117,0.32282,0.22914,4.6224,0.22479,1.8819,1.9376,0.56639,0.51617,0.28766,1.1614,0,0,8.7306,2.4603,1.251,1.5793,0,1.2034,0,1.202e-11,0,19.341,0,0,0.28167,2.0242,0.27839,0,0.96739,2.7432,1.192,0,0,16.445,0.11543,57.399,3.875,7.8413,0.15044,0,1.8675,7.8007,0.39376,0.0090723,0.37051,0.49094,0.33337,3.9033,12.605,5.7493,14.119,12.329,13.062,14.937,13.329,0,9.8333,2.288,126.03,9.0416,0,0,1.5457,0.16535,1.5694,0.20709,0.93135,0,0,0,0,0,2.3841,0.57941,0.27991,0,0,5.5413,0.97842,2.2183,1.0661,1921.4
1.1495,17.73,24.588,4.4498,0,0,17.456,12.3,0,64.627,5.5932,0,0,0,3.3095,0.75299,7.7153,9.0803,28.171,11.044,1.032,0.60941,1.4609,0,1.6042,10.976,2.4165,2.315,35.642,4.2093,1.9277,0.56121,3.8044,2.06,1.1153,18.327,2.4865,3.2827,1.542,0.37573,0.78671,0.22551,0.2568,44.195,0,0.54952,0.24423,0.76518,0.55494,9.7934,0.27261,2.8938,3.0066,1.042,0.52621,0.33931,0.45795,5.3747,0.38024,1.319,0,0.063225,0.096007,0.42486,1.6094,0.25843,0.40755,0.54979,4.8405,3.5351,4.6827,0,97.586,0.58729,0.26673,113.63,0.48806,1.95,7.6086,0.25557,0.34209,0.24282,0.89304,0.23821,1.9942,2.0533,0.6002,0.54698,0.30483,1.2307,0,0,9.2518,42.809,5.3645,0.27557,0,20.939,0,1.202e-11,0,3.3748,0,0,1.2079,0.35321,1.1938,0,4.1484,3.1151,1.3536,0,0,14.037,0.020141,48.996,1.9517,1.3682,0.026251,0,3.5,10.478,0.41727,0.0096138,0.332,0.43991,0.44779,7.3155,13.357,6.0925,14.962,13.065,13.841,15.828,14.124,0,1.8998,2.5982,254.15,137.63,0,0,26.895,2.877,1.3397,0.21945,0.98694,0,0,0,0,1.8435,2.0351,10.082,4.8705,0,0,1.0706,1.0368,2.9796,18.55,2650
2.8899,44.573,61.814,17.948,0,0,43.42,119.62,0,175.36,66.426,0,0,0,5.7009,1.893,67.974,80,248.2,27.389,12.256,7.2375,17.35,0,19.052,29.782,6.5571,27.493,88.391,49.99,22.894,6.6651,1.7878,0.15226,0.35214,13.481,1.829,2.4146,1.6439,0.40056,0.26637,0.076357,0.086951,14.964,3.5583,1.3815,0.26037,0.81575,0.1879,21.818,0.092304,0.97982,1.018,2.6196,1.3229,0.85301,1.1513,52.27,0.95593,3.3159,0,0.15895,1.1402,1.0681,19.113,0.64969,1.0246,1.3822,12.169,8.8871,11.772,0,67.602,1.4764,0.67056,121.14,1.227,4.9022,19.128,0.6425,0.86002,0.61044,0,0.59886,5.0135,5.1619,1.5089,1.3751,0.76634,3.094,0.052331,0.38933,23.259,377.16,63.71,1.6372,0,184.48,0,1.202e-11,0,20.05,0,0,14.345,2.0984,14.178,0,49.268,12.564,5.4598,0,0,34.916,0.11966,121.87,4.5256,8.1288,0.15596,0,2.5745,3.5478,1.049,0.024169,0.35395,0.46899,0.15162,5.381,33.58,15.317,37.614,32.845,34.797,39.793,35.508,0,0,10.48,0,306.61,0,0,236.96,25.347,3.3322,0.55169,2.4812,0,0,0,0,17.928,5.062,88.822,42.91,0,0,0,2.6066,1.0089,163.43,2000
22.594,348.49,483.28,28.224,0,0,64.786,234.17,0,389.04,145.84,0,0,0,53.487,14.8,132.29,155.69,483.03,58.929,26.908,15.89,38.092,0,41.83,66.073,14.547,60.362,190.18,109.75,50.263,14.633,48.206,44.066,17.92,125.04,16.964,22.396,34.973,8.5214,6.0064,1.7218,1.9606,337.42,83.621,10.801,5.5391,17.354,4.2369,59.212,2.0813,22.094,22.955,20.481,10.343,6.6691,9.001,102.32,7.4737,25.925,105.45,1.2427,2.5033,8.3507,41.964,5.0794,8.0104,10.806,95.141,69.482,92.04,0,757.79,11.543,5.2426,2577.1,9.5928,38.327,149.55,5.0232,6.7239,4.7726,0,4.6821,39.197,40.357,11.797,10.751,5.9915,24.19,1.2298,9.1493,181.84,734.02,139.88,4.7083,0,359.03,0,10.953,0,57.661,0,0,31.495,6.0348,31.128,0,108.17,19.758,8.5857,0,0,52.098,0.34413,181.84,4.7802,23.377,0.44851,0,23.878,79.998,8.2014,0.18896,7.5297,9.9772,3.4188,49.909,262.54,119.75,294.07,256.79,272.05,311.11,277.61,8.6015,0,16.48,0,832.13,0,0,461.16,49.331,4.9719,4.3133,19.398,0,0,0,0,35.096,7.5529,172.86,83.511,0,0,0,20.379,22.749,318.06,2610
56.919,877.93,1217.5,35.332,0,0,101.25,209.34,0,271.64,230.04,0,0,0,124.21,37.285,118.35,139.28,432.12,41.6,42.443,25.064,60.084,0,65.98,46.134,10.157,95.212,134.25,173.12,79.283,23.082,104.49,97.314,39.222,260.3,35.316,46.624,85.869,20.923,14.321,4.1053,4.6749,804.54,242.86,27.21,13.6,42.61,10.102,91.495,4.9627,52.68,54.734,51.596,26.056,16.801,22.676,91.471,18.828,65.311,920.33,3.1306,3.9486,21.038,66.191,12.796,20.18,27.224,239.68,175.04,231.87,0,1594.7,29.08,13.207,6327.6,24.167,96.554,376.75,12.655,16.939,12.023,0,11.795,98.747,101.67,29.719,27.084,15.094,60.94,3.5717,26.572,458.11,656.65,220.63,11.103,0,321.19,0,95.593,0,135.98,0,0,49.678,14.232,49.099,0,170.62,24.734,10.748,0,0,81.424,0.81155,284.2,1.782,55.13,1.0577,0,49.71,190.75,20.661,0.47604,18.488,24.497,8.1518,103.9,661.39,301.68,740.85,646.92,685.37,783.76,699.38,75.071,0,20.63,0,1285.8,0,0,412.55,44.131,7.7707,10.866,48.87,0,0,0,0,31.374,11.804,154.64,74.709,0,0,0,51.339,54.242,284.53,2770
43.463,670.38,929.68,29.119,0,0,88.329,126.95,0,389.48,281.67,0,0,0,97.641,28.471,72.089,84.842,263.22,58.994,51.969,30.69,73.57,0,80.789,66.147,14.563,116.58,190.39,211.98,97.077,28.262,64.489,59.471,24.082,164.17,22.273,29.405,27.168,6.6198,12.967,3.7171,4.2328,728.45,300.68,20.778,4.303,13.481,9.1469,165.97,4.4934,47.698,49.557,39.398,19.896,12.829,17.315,55.472,14.377,49.871,774.4,2.3905,4.8348,16.064,81.047,9.7713,15.409,20.788,183.02,133.66,177.06,0,999.91,22.205,10.085,2002,18.454,73.728,287.69,9.6632,12.935,9.181,25.791,9.0069,75.403,77.634,22.694,20.682,11.526,46.534,4.422,32.899,349.81,399.99,270.15,15.26,0,195.65,0,80.435,0,186.88,0,0,60.828,19.559,60.119,0,208.91,20.385,8.858,0,0,71.03,1.1153,247.92,5.8267,75.766,1.4536,0,31.351,172.71,15.777,0.3635,5.8494,7.7507,7.3808,65.529,505.04,230.36,565.71,493.99,523.34,598.48,534.04,63.168,54.866,17.002,0,2332.4,0,0,251.3,26.882,6.7787,8.2974,37.317,0,0,0,0,19.027,10.298,94.199,45.508,0,0,30.918,39.203,49.112,173.32,2867
20.357,313.98,435.43,24.863,0,0,64.526,4.9179,0,32.443,294.92,0,0,0,23.826,13.335,3.5703,4.2019,13.036,6.2937,54.414,32.133,77.03,0,84.589,5.51,1.2131,122.07,20.311,221.95,101.64,29.592,38.532,34.914,14.258,101.79,13.81,18.231,5.4244,1.3217,1.3435,0.38513,0.43857,75.476,26.688,9.7315,0.85914,2.6917,0.94773,87.552,0.46557,4.9421,5.1347,18.453,9.3186,6.0088,8.1098,2.1489,6.7337,23.358,34.586,1.1196,5.0623,7.5239,84.86,4.5765,7.2173,9.7363,85.721,62.603,82.927,0,613.95,10.4,4.7235,399.72,8.643,34.532,134.74,4.5259,6.0582,4.3001,40.533,4.2185,35.316,36.361,10.629,9.6866,5.3982,21.795,0.39249,2.92,163.84,19.81,282.86,14.09,0,9.6897,0,3.5924,0,172.56,0,110.56,63.689,18.06,62.947,0,218.74,17.405,7.5633,0,0,51.888,1.0299,181.11,5.9964,69.96,1.3422,0,19.438,17.894,7.3894,0.17025,1.1679,1.5475,0.76474,40.629,236.54,107.89,264.96,231.37,245.12,280.31,250.13,2.8212,86.225,14.517,0,1230.4,0,0,12.446,1.3314,4.9519,3.8862,17.478,0,0,0,0,0.73705,7.5225,4.6653,2.2538,0,0,48.59,18.361,5.0886,8.5839,2280
6.9911,107.83,149.54,4.5434,0,0,27.109,3.242,0,56.54,17.24,0,0,0,11.559,4.5796,2.6293,3.0945,9.6005,9.8505,3.1809,1.8784,4.5029,0,4.9448,9.6025,2.1141,7.1355,31.79,12.974,5.9417,1.7298,0.30462,0,0,9.9164,1.3454,1.7762,2.1694,0.52859,0.78671,0.22551,0.2568,44.195,0,3.3421,0.3436,1.0765,0.55494,39.182,0.27261,2.8938,3.0066,6.3373,3.2003,2.0636,2.7852,1.4166,2.3126,8.0218,14.341,0.38452,0.29592,2.5839,4.9606,1.5717,2.4786,3.3437,29.439,21.5,28.48,0,45.548,3.5718,1.6222,159.86,2.9683,11.859,46.274,1.5543,2.0806,1.4768,16.996,1.4488,12.129,12.488,3.6503,3.3267,1.8539,7.485,0,0,56.268,14.589,16.535,7.606,0,7.1359,0,1.4896,0,93.149,0,654.21,3.7231,9.749,3.6797,0,12.787,3.1806,1.3821,0,0,21.8,0.55593,76.089,3.0548,37.765,0.72455,0,1.8937,10.478,2.5377,0.05847,0.46708,0.61889,0.44779,3.9582,81.236,37.054,90.995,79.458,84.181,96.266,85.901,1.1698,36.155,2.6528,0,550.63,0,0,9.1658,0.98047,2.0804,1.3346,6.0024,0,0,0,0,0.48588,3.1604,3.4357,1.6598,0,0,20.374,6.3058,2.9796,6.3216,2291
2.5417,39.203,54.367,14.732,0,0,49.594,0,0,96.289,74.738,0,0,0,5.4925,1.665,0,4.1231e-11,1.2738e-09,15.718,13.79,8.1431,19.521,0,21.436,16.353,3.6004,30.933,50.725,56.245,25.758,7.4991,0,0,0,8.1468,1.1053,1.4592,2.4829,0.60497,0.58568,0.16789,0.19118,32.902,0,1.2151,0.39325,1.232,0.41314,22.705,0.20295,2.1544,2.2384,2.304,1.1635,0.75024,1.0126,0,0.84076,2.9164,0,0.1398,1.2829,0.93942,21.505,0.57142,0.90114,1.2157,10.703,7.8164,10.354,0,34.599,1.2986,0.58977,182.96,1.0791,4.3116,16.824,0.56509,0.75641,0.5369,12.994,0.52671,4.4095,4.54,1.3271,1.2094,0.67401,2.7212,0,0,20.457,0,71.682,18.453,0,5.1792e-10,0,1.202e-11,0,225.99,0,187.08,16.14,23.652,15.952,0,55.433,10.313,4.4815,0,0,39.881,1.3487,139.2,2.0365,91.622,1.7578,0,1.5558,7.8007,0.92262,0.021257,0.53457,0.70832,0.33337,3.2518,29.534,13.471,33.082,28.888,30.605,34.999,31.23,0,27.642,8.6018,0,319.08,0,0,7.5919e-10,1.1569e-10,3.806,0.48523,2.1822,0,0,0,0,0,5.7818,0,5.5853e-11,0,0,15.577,2.2925,2.2183,7.2884e-11,2113
2.2558,34.793,48.251,6.6021,0,0,19.331,0,0,35.987,31.575,0,0,0,3.59,1.4777,0,4.1231e-11,1.2738e-09,6.8168,5.8257,3.4403,8.2471,0,9.0564,6.1119,1.3456,13.069,22,23.762,10.882,3.1682,0.86424,0,0.0025889,11.261,1.5279,2.0171,1.5259,0.37179,0.72028,0.20647,0.23512,40.463,0,1.0784,0.24167,0.75717,0.50808,3.5815,0.24959,2.6495,2.7527,2.0448,1.0326,0.66585,0.89867,0,0.74618,2.5883,0,0.12407,0.54198,0.83374,9.0853,0.50714,0.79976,1.0789,9.4989,6.9371,9.1893,0,53.869,1.1525,0.52343,112.44,0.95775,3.8265,14.931,0.50152,0.67132,0.4765,9.2637,0.46746,3.9135,4.0293,1.1778,1.0734,0.59819,2.4151,0,0,18.155,0,30.284,11.864,0,5.1792e-10,0,1.202e-11,0,145.29,0,0,6.8188,15.206,6.7393,0,23.419,4.6218,2.0084,0,0,15.545,0.86712,54.259,1.8102,58.904,1.1301,0,2.1506,9.5933,0.81883,0.018866,0.32853,0.43531,0.40998,4.4951,26.212,11.956,29.361,25.638,27.162,31.061,27.717,0,19.707,3.8549,0,50.332,0,0,7.5919e-10,1.1569e-10,1.4836,0.43064,1.9368,0,0,0,0,0,2.2537,0,5.5853e-11,0,0,11.105,2.0346,2.728,7.2884e-11,1792
1.3041,20.114,27.894,0.24178,0,0,0.17857,0,0,22.32,1.7947,0,0,0,2.4628,0.85424,0,4.1231e-11,1.2738e-09,4.7995,0.33113,0.19554,0.46876,0,0.51476,3.7907,0.83459,0.74281,15.489,1.3506,0.61854,0.18008,1.4695,0,0.23167,12.716,1.7252,2.2776,0.88158,0.21481,0.65733,0.18843,0.21457,36.927,0,0.62341,0.13963,0.43746,0.46368,0.32037,0.22778,2.4179,2.5122,1.1821,0.59696,0.38493,0.51952,0,0.43137,1.4963,0,0.071726,0.030806,0.48199,0.5164,0.29318,0.46234,0.62372,5.4913,4.0104,5.3124,0,62.869,0.66625,0.30259,64.963,0.55368,2.2121,8.6317,0.28993,0.38809,0.27547,6.3979,0.27024,2.2624,2.3293,0.6809,0.62053,0.34582,1.3962,0,0,10.496,0,1.7213,2.3342,0,5.1792e-10,0,1.202e-11,0,28.587,0,0,0.38757,2.9919,0.38306,0,1.3311,0.16926,0.07355,0,0,0.1436,0.17061,0.50121,1.6688,11.59,0.22236,0,2.4284,8.755,0.47337,0.010906,0.18981,0.2515,0.37415,5.0757,15.153,6.9117,16.973,14.822,15.702,17.957,16.023,0,13.61,0.14117,144.5,4.5023,0,0,7.5919e-10,1.1569e-10,0.013704,0.24895,1.1196,0,0,0,0,0,0.020818,0,5.5853e-11,0,0,7.6698,1.1762,2.4896,7.2884e-11,1500
0.74311,11.462,15.895,3.2267,0,0,24.088,0,0,22.526,9.5498,0,0,0,2.2442,0.48677,0,4.1231e-11,1.2738e-09,4.8299,1.762,1.0405,2.4943,0,2.7391,3.8257,0.84229,3.9526,15.587,7.1869,3.2913,0.95822,0.4289,0,0,10.215,1.3859,1.8297,1.8077,0.44047,0.36771,0.10541,0.12003,20.657,0,0.35524,0.28632,0.89703,0.25938,0.35052,0.12742,1.3526,1.4053,0.6736,0.34017,0.21935,0.29604,0,0.24581,0.85266,0,0.040872,0.16392,0.27465,2.7478,0.16706,0.26346,0.35542,3.1292,2.2853,3.0272,0,47.396,0.37965,0.17243,133.21,0.31551,1.2606,4.9186,0.16521,0.22115,0.15697,6.9387,0.15399,1.2892,1.3273,0.388,0.3536,0.19706,0.7956,0,0,5.9808,0,9.1593,5.4331,0,5.1792e-10,0,1.202e-11,0,66.538,0,0,2.0623,6.9639,2.0383,0,7.083,2.2588,0.98156,0,0,19.371,0.39711,67.611,2.5457,26.976,0.51756,0,1.9508,4.8975,0.26974,0.0062149,0.38921,0.51572,0.2093,4.0774,8.6348,3.9385,9.6721,8.4458,8.9478,10.232,9.1307,0,14.761,1.884,0,4.9259,0,0,7.5919e-10,1.1569e-10,1.8486,0.14186,0.63801,0,0,0,0,0,2.8083,0,5.5853e-11,0,0,8.3181,0.67026,1.3927,7.2884e-11,1979
1.7843,27.521,38.166,6.8722,0,0,42.376,5.6722,0,31.505,35.452,0,0,0,6.7078,1.1688,3.9938,4.7004,14.583,6.1552,6.5411,3.8627,9.2597,0,10.168,5.3507,1.178,14.673,19.864,26.68,12.218,3.5572,2.0801,0.42878,0.46276,14.183,1.9243,2.5405,1.4896,0.36296,0.75241,0.21568,0.24561,42.268,0,0.85298,0.23594,0.73919,0.53075,2.7677,0.26073,2.7676,2.8755,1.6174,0.81679,0.52668,0.71084,2.4785,0.59022,2.0473,0,0.098139,0.60853,0.65948,10.201,0.40114,0.6326,0.8534,7.5135,5.4872,7.2687,0,71.948,0.9116,0.41402,109.77,0.75757,3.0268,11.81,0.3967,0.53101,0.37691,4.6224,0.36976,3.0955,3.1871,0.93164,0.84904,0.47316,1.9103,0,0,14.361,22.16,34.002,2.4556,0,10.839,0,1.202e-11,0,30.073,0,0,7.656,3.1474,7.5668,0,26.295,4.8109,2.0905,0,0,34.077,0.17948,118.94,4.9216,12.192,0.23392,0,2.7086,10.021,0.64769,0.014923,0.32072,0.42497,0.42827,5.6614,20.733,9.457,23.224,20.28,21.485,24.569,21.924,0,9.8333,4.0126,0,38.895,0,0,13.922,1.4893,3.2521,0.34063,1.532,0,0,0,0,0.8501,4.9403,5.2187,2.5212,0,0,5.5413,1.6094,2.8497,9.6022,2100
1.8213,28.091,38.957,13.391,0,0,24.943,23.335,0,96.289,22.803,0,0,0,2.4198,1.193,13.911,16.372,50.792,15.718,4.2073,2.4845,5.9559,0,6.5404,16.353,3.6004,9.438,50.725,17.161,7.859,2.288,0,0,0,7.7184,1.0472,1.3825,1.3091,0.31897,0.10937,0.031353,0.035703,6.1443,0,0.87066,0.20734,0.64959,0.077152,11.264,0.0379,0.40232,0.418,1.6509,0.83372,0.53759,0.72557,10.196,0.60245,2.0898,0,0.10017,0.39141,0.67315,6.5613,0.40945,0.64571,0.87109,7.6692,5.6009,7.4193,0,31.949,0.93049,0.4226,96.465,0.77327,3.0895,12.055,0.40492,0.54201,0.38472,0.89304,0.37742,3.1597,3.2532,0.95095,0.86664,0.48297,1.9499,0,0,14.658,77.184,21.871,1.2588,0,37.753,0,1.202e-11,0,15.416,0,0,4.9244,1.6134,4.867,0,16.913,9.3743,4.0735,0,0,20.058,0.092005,70.009,5.9964,6.25,0.11991,0,1.474,1.4567,0.66111,0.015232,0.28185,0.37346,0.062255,3.0809,21.163,9.653,23.705,20.7,21.93,25.078,22.378,0,1.8998,7.8188,0,158.29,0,0,48.492,5.1872,1.9142,0.34769,1.5637,0,0,0,0,3.4972,2.9079,18.177,8.7814,0,0,1.0706,1.6427,0.41425,33.445,1965
12.216,188.42,261.3,21.901,0,0,78.221,115.68,0,254.48,115.58,0,0,0,12.678,8.0021,65.757,77.391,240.1,39.067,21.325,12.593,30.188,0,33.151,43.22,9.5155,47.838,126.08,86.982,39.834,11.597,7.7894,5.8301,2.6235,27.904,3.7859,4.9981,0.93129,0.22692,0.21715,0.062248,0.070884,12.199,0,5.8398,0.1475,0.46213,0.15318,21.344,0.075248,0.79877,0.82991,11.073,5.5921,3.6058,4.8667,50.545,4.0409,14.017,0,0.6719,1.9839,4.5151,33.257,2.7464,4.3311,5.8427,51.441,37.568,49.764,0,156.84,6.2412,2.8346,68.626,5.1866,20.722,80.858,2.716,3.6355,2.5805,0,2.5315,21.193,21.82,6.3784,5.8129,3.2395,13.079,0,0,98.32,364.86,110.85,3.3748,0,178.46,0,1.202e-11,0,41.33,0,0,24.96,4.3256,24.669,0,85.725,15.332,6.6623,0,0,62.902,0.24666,219.55,6.7884,16.756,0.32148,0,5.3289,2.8922,4.4343,0.10217,0.20051,0.26568,0.1236,11.138,141.95,64.746,159,138.84,147.09,168.21,150.1,0,0,12.788,0,299.95,0,0,229.23,24.521,6.003,2.3321,10.488,0,0,0,0,17.337,9.1192,85.925,41.511,0,0,0,11.018,0.82246,158.1,2579.3
18.29,282.1,391.22,19.043,0,0,65.153,304.19,0,283.59,82.169,0,0,0,51.262,11.981,171.6,201.96,626.57,43.364,15.161,8.9528,21.462,0,23.568,48.164,10.604,34.009,139.95,61.838,28.319,8.2447,53.875,49.429,20.065,138.66,18.812,24.836,20.432,4.9784,6.8893,1.9749,2.2488,387.02,63.16,8.7434,3.2361,10.139,4.8597,57.824,2.3873,25.342,26.329,16.579,8.3725,5.3987,7.2864,132.91,6.05,20.986,177.99,1.006,1.4104,6.76,23.643,4.1119,6.4845,8.7478,77.017,56.246,74.507,0,842.09,9.3443,4.2439,1505.6,7.7655,31.026,121.06,4.0664,5.4431,3.8635,0,3.7902,31.73,32.669,9.5497,8.7031,4.8501,19.582,0.92888,6.9106,147.21,952.13,78.809,2.649,0,465.72,0,18.487,0,32.442,0,73.053,17.745,3.3954,17.538,0,60.944,13.331,5.7929,0,0,52.393,0.19362,182.87,8.2875,13.153,0.25235,0,26.48,91.758,6.6391,0.15297,4.399,5.8289,3.9214,55.347,212.53,96.938,238.06,207.88,220.23,251.85,224.73,14.519,0,11.119,0,812.62,0,0,598.19,63.989,5.0001,3.4916,15.703,0,0,0,0,45.589,7.5956,224.23,108.33,0,0,0,16.497,26.093,412.57,2587
47.055,725.78,1006.5,28.498,0,0,90.709,267.46,0,283.59,217.96,0,0,0,96.909,30.823,150.98,177.69,551.28,43.364,40.215,23.748,56.929,0,62.515,48.164,10.604,90.212,139.95,164.03,75.119,21.87,93.125,86.562,34.92,232.99,31.61,41.732,73.82,17.987,27.547,7.8964,8.992,1547.5,169.02,22.494,11.692,36.631,19.431,107.2,9.5456,101.33,105.28,42.654,21.54,13.889,18.746,116.87,15.565,53.992,784.52,2.5881,3.7413,17.392,62.715,10.579,16.683,22.506,198.14,144.71,191.69,0,1425.7,24.04,10.918,5439.7,19.978,79.821,311.46,10.462,14.003,9.9396,0,9.7511,81.634,84.049,24.569,22.391,12.478,50.379,2.4857,18.493,378.72,837.73,209.05,9.9038,0,409.76,0,81.487,0,121.29,0,0,47.069,12.694,46.521,0,161.66,19.95,8.6691,0,0,72.944,0.72388,254.6,6.449,49.174,0.94344,0,44.494,366.89,17.081,0.39354,15.894,21.06,15.68,92.999,546.77,249.4,612.45,534.81,566.59,647.93,578.17,63.993,0,16.64,0,1506.5,0,0,526.32,56.301,6.9613,8.983,40.4,0,0,0,0,40.085,10.575,197.29,95.311,0,0,0,42.442,104.33,363,2914
51.688,797.24,1105.6,29.871,0,0,84.185,125.79,0,245.16,343.47,0,0,0,96.18,33.858,71.438,84.076,260.84,37.692,63.372,37.423,89.711,0,98.514,41.637,9.167,142.16,121.64,258.48,118.38,34.463,64.489,59.471,24.082,164.17,22.273,29.405,39.042,9.513,13.282,3.8075,4.3358,746.17,352.28,24.709,6.1837,19.374,9.3694,149.78,4.6027,48.858,50.763,46.853,23.661,15.257,20.592,54.966,17.098,59.308,957.45,2.8429,5.8956,19.104,98.829,11.62,18.325,24.721,217.65,158.95,210.56,0,999.91,26.407,11.994,2877,21.945,87.68,342.12,11.492,15.382,10.918,25.791,10.711,89.671,92.325,26.988,24.595,13.707,55.339,5.1809,38.544,416.01,396.38,329.42,15.295,0,193.88,0,99.449,0,187.31,0,0,74.174,19.604,73.31,0,254.75,20.911,9.0868,0,0,67.698,1.1179,236.29,10.72,75.94,1.457,0,31.351,176.91,18.762,0.43229,8.406,11.138,7.5604,65.529,600.6,273.95,672.75,587.46,622.38,711.73,635.1,78.099,54.866,17.441,0,2104.9,0,0,249.03,26.639,6.4607,9.8675,44.378,0,0,0,0,18.853,9.8145,93.348,45.097,0,0,30.918,46.621,50.307,171.76,2460
26.039,401.62,556.97,18.41,0,0,66.361,30.822,0,254.11,189.38,0,0,0,35.429,17.057,18.115,21.319,66.142,39.013,34.941,20.634,49.464,0,54.318,43.157,9.5017,78.383,125.9,142.52,65.269,19.002,15.705,13.319,5.6194,46.928,6.3669,8.4055,3.1983,0.77929,1.7947,0.51446,0.58583,100.82,216.17,12.448,0.50656,1.5871,1.266,162.23,0.6219,6.6016,6.8589,23.603,11.92,7.686,10.373,13.468,8.6133,29.878,281.75,1.4322,3.2507,9.6241,54.492,5.854,9.2318,12.454,109.65,80.077,106.07,0,274.54,13.303,6.042,235.68,11.055,44.171,172.35,5.7892,7.7491,5.5003,40.533,5.396,45.174,46.511,13.596,12.39,6.905,27.878,3.1791,23.652,209.57,100.51,181.64,12.756,0,49.162,0,29.265,0,156.22,0,0,40.897,16.35,40.421,0,140.46,12.888,5.6003,0,0,53.364,0.93235,186.26,4.865,63.335,1.2151,0,8.9619,23.903,9.4519,0.21777,0.68861,0.91243,1.0215,18.732,302.57,138.01,338.91,295.95,313.54,358.55,319.94,22.982,86.225,10.749,0,2279.8,0,0,63.147,6.7549,5.0928,4.971,22.356,0,0,0,0,4.6193,7.7364,23.67,11.435,0,0,48.59,23.486,6.7973,43.552,2000
8.9014,137.3,190.4,11.004,0,0,32.123,7.404,0,36.088,80.404,0,0,0,22.041,5.8309,4.9661,5.8447,18.133,6.8317,14.835,8.7605,21.001,0,23.062,6.129,1.3494,33.279,22.048,60.51,27.711,8.0676,2.0706,0.41974,0.45914,14.16,1.9212,2.5363,2.3025,0.56103,2.9521,0.84623,0.96364,165.84,14.233,4.2553,0.36468,1.1426,2.0824,66.184,1.023,10.859,11.282,8.0688,4.0747,2.6274,3.5462,3.2352,2.9444,10.214,34.586,0.48959,1.3801,3.29,23.135,2.0012,3.1559,4.2574,37.483,27.374,36.261,0,71.806,4.5477,2.0655,169.67,3.7793,15.1,58.918,1.979,2.649,1.8803,16.996,1.8446,15.443,15.9,4.6477,4.2356,2.3605,9.5302,0.20932,1.5573,71.642,27.555,77.116,11.363,0,13.478,0,3.5924,0,139.16,0,683.93,17.364,14.564,17.161,0,59.635,7.7033,3.3474,0,0,25.832,0.83053,90.163,6.1661,56.419,1.0824,0,2.7042,39.319,3.2311,0.074446,0.49574,0.65687,1.6803,5.6523,103.43,47.178,115.86,101.17,107.18,122.57,109.37,2.8212,36.155,6.4251,0,930.1,0,0,17.312,1.8519,2.4653,1.6993,7.6425,0,0,0,0,1.1096,3.745,6.4893,3.135,0,0,20.374,8.0287,11.181,11.94,2111
3.4879,53.798,74.606,4.6913,0,0,30.756,0,0,27.905,39.519,0,0,0,5.3992,2.2848,0,4.1231e-11,1.2738e-09,5.6238,7.2914,4.3058,10.322,0,11.335,4.7392,1.0434,16.357,18.15,29.741,13.62,3.9653,0,0,0,7.3844,1.0019,1.3226,1.817,0.44272,0.82721,0.23712,0.27002,46.47,0,1.6674,0.28778,0.90161,0.58351,16.448,0.28665,3.0428,3.1614,3.1617,1.5966,1.0295,1.3895,0,1.1537,4.0021,0,0.19184,0.67834,1.2891,11.371,0.78414,1.2366,1.6682,14.687,10.726,14.209,0,29.882,1.782,0.80932,133.89,1.4809,5.9166,23.086,0.77546,1.038,0.73677,12.994,0.72279,6.051,6.2301,1.8211,1.6597,0.92493,3.7343,0,0,28.072,0,37.903,10.185,0,5.1792e-10,0,1.202e-11,0,124.73,0,649.51,8.5343,13.054,8.4349,0,29.311,3.2841,1.4271,0,0,24.732,0.74441,86.324,3.7902,50.569,0.9702,0,1.4102,11.017,1.2661,0.029171,0.3912,0.51835,0.47084,2.9475,40.529,18.486,45.398,39.642,41.998,48.027,42.856,0,27.642,2.7392,0,231.15,0,0,7.5919e-10,1.1569e-10,2.3603,0.66586,2.9946,0,0,0,0,0,3.5855,0,5.5853e-11,0,0,15.577,3.146,3.133,7.2884e-11,1990
3.2569,50.234,69.664,4.6786,0,0,19.067,0,0,51.203,12.81,0,0,0,6.3391,2.1334,0.70501,0.82974,2.5742,9.0627,2.3635,1.3957,3.3459,0,3.6742,8.6961,1.9146,5.302,29.248,9.6404,4.4149,1.2853,1.5958,0,0.27944,13.019,1.7664,2.332,1.6541,0.40304,2.2431,0.64299,0.7322,126.01,0,1.5569,0.26199,0.8208,1.5823,3.3834,0.77728,8.251,8.5726,2.9522,1.4909,0.96134,1.2975,0,1.0773,3.737,0,0.17913,0.21988,1.2037,3.6859,0.73219,1.1547,1.5577,13.714,10.016,13.267,0,64.746,1.6639,0.75571,121.89,1.3828,5.5247,21.557,0.72409,0.96924,0.68796,9.2637,0.67491,5.6502,5.8174,1.7005,1.5497,0.86366,3.4869,0,0,26.213,3.9118,12.286,8.728,0,1.9134,0,1.202e-11,0,106.89,0,161.2,2.7664,11.187,2.7341,0,9.5011,3.2752,1.4232,0,0,15.332,0.63794,53.516,2.3759,43.336,0.83143,0,2.4863,29.875,1.1822,0.027238,0.35614,0.47189,1.2768,5.1968,37.844,17.262,42.39,37.016,39.216,44.846,40.017,0,19.707,2.7318,171.47,47.548,0,0,2.4576,0.2629,1.4632,0.62175,2.7963,0,0,0,0,0,2.2228,0.92124,0.44506,0,0,11.105,2.9376,8.4956,1.695,1453
2.0007,30.858,42.794,0.50253,0,0,8.9857,0,0,12.978,5.9543,0,0,0,2.908,1.3105,0,4.1231e-11,1.2738e-09,3.4206,1.0986,0.64875,1.5552,0,1.7078,2.2041,0.48527,2.4644,11.039,4.481,2.0521,0.59745,5.032,3.2214,1.5799,21.278,2.8868,3.8111,0.67443,0.16433,0.71618,0.2053,0.23378,40.233,0,0.95641,0.10682,0.33467,0.50519,0.20841,0.24817,2.6344,2.7371,1.8135,0.91583,0.59054,0.79703,0,0.66179,2.2956,0,0.11004,0.10221,0.73945,1.7133,0.44978,0.70931,0.95688,8.4246,6.1526,8.1501,0,115.84,1.0221,0.46423,49.698,0.84943,3.3938,13.242,0.4448,0.59539,0.42261,6.3979,0.41459,3.4709,3.5736,1.0446,0.95199,0.53054,2.142,0,0,16.102,0,5.7108,5.3604,0,5.1792e-10,0,1.202e-11,0,65.648,0,0,1.2859,6.8707,1.2709,0,4.4163,0.35179,0.15287,0,0,7.2259,0.3918,25.221,1.9517,26.615,0.51064,0,4.0634,9.5388,0.72623,0.016732,0.14521,0.1924,0.40765,8.4931,23.247,10.604,26.04,22.739,24.09,27.549,24.582,0,13.61,0.29342,214.86,2.9288,0,0,7.5919e-10,1.1569e-10,0.6896,0.38194,1.7177,0,0,0,0,0,1.0476,0,5.5853e-11,0,0,7.6698,1.8045,2.7125,7.2884e-11,1600
0.38915,6.0022,8.3238,2.6389,0,0,26.441,0,0,41.653,11.418,0,0,0,3.1769,0.25491,0,4.1231e-11,1.2738e-09,7.6531,2.1067,1.2441,2.9823,0,3.2749,7.0741,1.5575,4.7258,24.699,8.5928,3.9352,1.1457,1.5808,0,0.27377,12.983,1.7615,2.3255,1.8299,0.44586,1.1248,0.32243,0.36716,63.188,0,0.18603,0.28982,0.90801,0.79343,0.30189,0.38977,4.1375,4.2987,0.35275,0.17814,0.11487,0.15503,0,0.12872,0.44652,0,0.021403,0.19599,0.14383,3.2854,0.087486,0.13797,0.18612,1.6387,1.1967,1.5853,0,64.523,0.19881,0.090296,134.84,0.16522,0.66012,2.5758,0.086518,0.11581,0.082201,6.9387,0.080642,0.67511,0.69509,0.20319,0.18517,0.10319,0.41663,0,0,3.132,0,10.951,5.1455,0,5.1792e-10,0,1.202e-11,0,63.016,0,0,2.4658,6.5952,2.437,0,8.4687,1.8474,0.80275,0,0,21.263,0.37609,74.214,1.2163,25.548,0.49016,0,2.4794,14.981,0.14126,0.0032546,0.39397,0.52203,0.64023,5.1824,4.5218,2.0625,5.065,4.4229,4.6857,5.3584,4.7815,0,14.761,1.5408,10.095,4.2426,0,0,7.5919e-10,1.1569e-10,2.0292,0.07429,0.33411,0,0,0,0,0,3.0825,0,5.5853e-11,0,0,8.3181,0.351,4.2602,7.2884e-11,1232
0.3501,5.3999,7.4886,3.7296,0,0,21.566,0,0,65.228,8.0061,0,0,0,2.3972,0.22933,0,4.1231e-11,1.2738e-09,11.133,1.4772,0.87231,2.0911,0,2.2963,11.078,2.439,3.3137,35.929,6.0251,2.7593,0.80332,0,0,0,8.7256,1.1838,1.5629,1.4203,0.34607,0.33079,0.094824,0.10798,18.583,0,0.16736,0.22495,0.70478,0.23334,0.45219,0.11463,1.2168,1.2642,0.31735,0.16026,0.10334,0.13947,0,0.11581,0.40171,0,0.019256,0.13742,0.1294,2.3037,0.078708,0.12412,0.16745,1.4742,1.0767,1.4262,0,38.18,0.17887,0.081236,104.66,0.14864,0.59388,2.3173,0.077837,0.10419,0.073953,4.6224,0.07255,0.60737,0.62535,0.1828,0.16659,0.09284,0.37483,0,0,2.8177,0,7.6787,1.6194,0,5.1792e-10,0,1.202e-11,0,19.832,0,0,1.729,2.0756,1.7088,0,5.9381,2.6109,1.1345,0,0,17.342,0.11836,60.531,0.90512,8.0404,0.15426,0,1.6663,4.4058,0.12708,0.002928,0.30579,0.40519,0.18829,3.4829,4.0681,1.8556,4.5568,3.9791,4.2156,4.8208,4.3017,0,9.8333,2.1777,197.18,6.3547,0,0,7.5919e-10,1.1569e-10,1.6551,0.066836,0.30059,0,0,0,0,0,2.5142,0,5.5853e-11,0,0,5.5413,0.31578,1.2529,7.2884e-11,1638
2.3764,36.654,50.832,13.729,0,0,66.667,15.791,0,114.93,24.857,0,0,0,4.1357,1.5567,9.6751,11.387,35.327,18.469,4.5862,2.7083,6.4924,0,7.1295,19.519,4.2975,10.288,59.605,18.707,8.5669,2.4941,0,0,0,5.5206,0.74899,0.98882,0.75483,0.18392,0.10937,0.031353,0.035703,6.1443,0,1.1361,0.11955,0.37456,0.077152,4.8305,0.0379,0.40232,0.418,2.1542,1.0879,0.70146,0.94674,6.8998,0.78609,2.7268,0,0.13071,0.42667,0.87834,7.1523,0.53426,0.84254,1.1366,10.007,7.3082,9.6809,0,18.351,1.2141,0.55142,55.623,1.009,4.0312,15.73,0.52835,0.70723,0.50199,0.89304,0.49247,4.1228,4.2448,1.2408,1.1308,0.63019,2.5443,0,0,19.127,53.683,23.841,1.941,0,26.258,0,1.202e-11,0,23.771,0,0,5.368,2.4879,5.3054,0,18.436,9.611,4.1764,0,0,53.61,0.14187,187.12,3.4225,9.6373,0.1849,0,1.0543,1.4567,0.86263,0.019875,0.16252,0.21534,0.062255,2.2036,27.614,12.595,30.931,27.01,28.615,32.723,29.2,0,1.8998,8.0161,161.24,67.884,0,0,33.727,3.6078,5.1163,0.45368,2.0404,0,0,0,0,2.3666,7.7722,12.642,6.1077,0,0,1.0706,2.1435,0.41425,23.262,1512
11.029,170.1,235.9,30.439,0,0,95.515,52.277,0,206.78,124.78,0,0,0,13.497,7.2243,30.161,35.497,110.13,32.027,23.022,13.595,32.591,0,35.789,35.118,7.7319,51.645,103.36,93.906,43.005,12.52,6.9548,5.0405,2.3077,25.899,3.5137,4.6388,2.1587,0.52598,1.2222,0.35035,0.39896,68.66,0,5.2722,0.3419,1.0712,0.86214,9.6234,0.42352,4.4958,4.671,9.997,5.0485,3.2553,4.3936,22.843,3.6481,12.654,82.67,0.60658,2.1418,4.0762,35.904,2.4794,3.9101,5.2748,46.44,33.916,44.927,0,144.43,5.6345,2.559,159.07,4.6825,18.708,72.998,2.452,3.2821,2.3296,0,2.2854,19.133,19.699,5.7584,5.2478,2.9246,11.808,0,0,88.762,167.35,119.68,3.0112,0,81.856,0,8.5868,0,36.878,0,0,26.947,3.8596,26.633,0,92.549,21.309,9.2595,0,0,76.808,0.22009,268.09,6.7035,14.951,0.28685,0,4.9459,16.278,4.0033,0.092236,0.46477,0.61583,0.69568,10.338,128.15,58.452,143.54,125.35,132.8,151.86,135.51,6.7434,0,17.773,0,135.24,0,0,105.14,11.247,7.3302,2.1054,9.4688,0,0,0,0,7.8349,11.135,39.411,19.04,0,0,0,9.9474,4.6291,72.515,1959
18.373,283.38,392.99,25.819,0,0,71.748,71.026,0,359.49,150.92,0,0,0,28.546,12.035,40.688,47.886,148.57,54.567,27.845,16.444,39.419,0,43.287,61.054,13.442,62.465,176.1,113.58,52.014,15.143,26.793,23.809,9.8158,73.576,9.9823,13.179,19.312,4.7056,5.4552,1.5638,1.7807,306.46,72.946,8.783,3.0588,9.5831,3.8481,47.638,1.8904,20.067,20.849,16.654,8.4104,5.4231,7.3194,31.035,6.0774,21.081,94.48,1.0105,2.5905,6.7906,43.425,4.1305,6.5138,8.7873,77.366,56.501,74.844,0,439.41,9.3866,4.2631,1423.1,7.8006,31.166,121.61,4.0848,5.4677,3.8809,0,3.8073,31.874,32.817,9.5929,8.7425,4.8721,19.67,1.0728,7.9813,147.87,225.76,144.75,3.4207,0,110.43,0,9.8135,0,41.892,0,0,32.592,4.3844,32.212,0,111.94,18.075,7.8541,0,0,57.696,0.25002,201.38,5.1762,16.984,0.32585,0,14.051,72.658,6.6692,0.15366,4.158,5.5095,3.1051,29.368,213.49,97.377,239.13,208.82,221.23,252.99,225.75,7.7067,0,15.075,0,669.47,0,0,141.84,15.172,5.5062,3.5074,15.774,0,0,0,0,10.645,8.3645,53.167,25.685,0,0,0,16.572,20.662,97.825,1962
46.278,713.79,989.88,43.627,0,0,111.93,69.476,0,362.77,425.68,0,0,0,109.85,30.314,39.817,46.862,145.39,55.051,78.54,46.38,111.18,0,122.09,61.611,13.565,176.19,177.66,320.35,146.71,42.712,97.92,91.098,36.735,244.51,33.174,43.796,70.392,17.152,16.18,4.6381,5.2816,908.95,282,22.123,11.149,34.93,11.413,64.241,5.6068,59.517,61.837,41.949,21.184,13.66,18.436,30.358,15.308,53.1,777.77,2.5453,7.3068,17.104,122.48,10.404,16.407,22.134,194.87,142.32,188.52,0,1497,23.643,10.738,5187.1,19.648,78.502,306.31,10.289,13.772,9.7755,0,9.5901,80.286,82.662,24.163,22.021,12.272,49.547,4.1473,30.855,372.46,220.93,408.27,14.045,0,108.06,0,80.786,0,172,0,0,91.927,18.002,90.856,0,315.72,30.541,13.271,0,0,90.005,1.0265,314.15,3.5922,69.733,1.3379,0,46.695,215.5,16.799,0.38704,15.156,20.082,9.2097,97.599,537.74,245.28,602.34,525.98,557.23,637.23,568.62,63.443,0,25.473,0,902.8,0,0,138.8,14.848,8.5895,8.8347,39.733,0,0,0,0,10.412,13.048,52.03,25.136,0,0,0,41.741,61.282,95.732,1600
22.668,349.63,484.86,29.743,0,0,76.557,24.067,0,360.92,282.27,0,0,0,38.691,14.849,14.322,16.856,52.295,54.778,52.08,30.755,73.726,0,80.961,61.297,13.496,116.83,176.78,212.43,97.283,28.323,46.963,42.891,17.449,122.05,16.559,21.861,7.1916,1.7523,8.1296,2.3304,2.6537,456.7,122.76,10.836,1.139,3.5686,5.7346,48.053,2.8171,29.904,31.07,20.548,10.376,6.6909,9.0304,10.516,7.4981,26.009,318.03,1.2468,4.8451,8.378,81.22,5.0961,8.0366,10.842,95.452,69.709,92.341,0,739.32,11.581,5.2597,529.94,9.6241,38.452,150.04,5.0397,6.7459,4.7882,25.791,4.6974,39.325,40.489,11.836,10.786,6.011,24.269,1.8054,13.432,182.44,79.467,270.73,12.776,0,38.87,0,33.033,0,156.46,0,0,60.957,16.375,60.247,0,209.36,20.822,9.0478,0,0,61.564,0.93378,214.88,3.1962,63.433,1.217,0,23.308,108.28,8.2282,0.18958,1.5484,2.0516,4.6274,48.717,263.39,120.14,295.04,257.63,272.94,312.13,278.52,25.942,54.866,17.366,0,675.31,0,0,49.926,5.3407,5.8753,4.3274,19.462,0,0,0,0,3.607,8.9252,18.715,9.0412,0,0,30.918,20.445,30.791,34.434,1940
16.352,252.22,349.77,28.693,0,0,79.832,7.1135,0,253.57,214.29,0,0,0,16.01,10.711,4.803,5.6528,17.538,38.933,39.537,23.348,55.971,0,61.463,43.065,9.4815,88.693,125.65,161.27,73.854,21.502,5.1356,3.3194,1.6191,21.527,2.9206,3.8557,4.7893,1.167,1.8278,0.52395,0.59664,102.68,80.952,7.8171,0.75855,2.3766,1.2893,81.668,0.63337,6.7233,6.9854,14.823,7.4854,4.8267,6.5144,3.1082,5.409,18.763,47.24,0.89939,3.6783,6.0438,61.659,3.6762,5.7975,7.8209,68.857,50.287,66.613,0,117.38,8.3543,3.7943,352.92,6.9427,27.739,108.23,3.6355,4.8664,3.4541,40.533,3.3886,28.369,29.208,8.5379,7.781,4.3363,17.507,1.1905,8.8573,131.61,26.65,205.53,20.296,0,13.035,0,4.9067,0,248.56,0,0,46.277,26.014,45.738,0,158.94,20.086,8.7284,0,0,64.197,1.4835,224.07,1.4991,100.77,1.9334,0,4.1109,24.344,5.9357,0.13676,1.0312,1.3663,1.0404,8.5925,190.01,86.668,212.83,185.85,196.9,225.16,200.92,3.8534,86.225,16.753,0,1147.7,0,0,16.743,1.791,6.1266,3.1217,14.039,0,0,0,0,1.0661,9.3069,6.2761,3.032,0,0,48.59,14.749,6.9227,11.548,1745
9.6732,149.2,206.91,16.65,0,0,57.276,2.3496,0,247.13,106.33,0,0,0,15.811,6.3365,2.1283,2.5048,7.7711,37.982,19.618,11.585,27.772,0,30.498,41.971,9.2407,44.009,122.58,80.021,36.646,10.669,0.42399,0,0,10.203,1.3843,1.8276,2.626,0.63986,0.95624,0.27411,0.31214,53.719,29.356,4.6243,0.41592,1.3031,0.67453,12.424,0.33136,3.5174,3.6546,8.7685,4.4281,2.8553,3.8537,1.0267,3.1998,11.099,0,0.53204,1.8251,3.5753,30.595,2.1747,3.4295,4.6265,40.733,29.748,39.406,0,47.323,4.9421,2.2446,193.51,4.107,16.409,64.027,2.1506,2.8787,2.0433,16.996,2.0046,16.782,17.278,5.0507,4.6029,2.5652,10.357,0.43173,3.212,77.854,11.809,101.98,22.536,0,5.7761,0,1.202e-11,0,275.99,0,92.443,22.962,28.885,22.695,0,78.864,11.656,5.0649,0,0,46.058,1.6472,160.76,2.1497,111.89,2.1468,0,1.9485,12.736,3.5113,0.080901,0.5654,0.74917,0.54429,4.0727,112.4,51.269,125.9,109.94,116.48,133.2,118.86,0,36.155,9.7217,0,174.6,0,0,7.4192,0.79364,4.3955,1.8467,8.3052,0,0,0,0,0.35214,6.6773,2.781,1.3435,0,0,20.374,8.7249,3.6218,5.117,1640
3.1476,48.548,67.326,10.502,0,0,45.023,0,0,98.889,57.225,0,0,0,6.7399,2.0618,0,4.1231e-11,1.2738e-09,16.101,10.558,6.235,14.947,0,16.413,16.795,3.6977,23.685,51.963,43.066,19.722,5.7419,0,0,0,7.4705,1.0135,1.3381,2.626,0.63986,0.80643,0.23117,0.26324,45.303,0,1.5047,0.41592,1.3031,0.56886,9.3957,0.27945,2.9664,3.082,2.8532,1.4408,0.92907,1.2539,0,1.0412,3.6116,0,0.17312,0.98226,1.1633,16.466,0.70762,1.1159,1.5054,13.254,9.6796,12.822,0,30.415,1.6081,0.73035,193.51,1.3364,5.3393,20.834,0.69979,0.93671,0.66487,12.994,0.65226,5.4606,5.6222,1.6434,1.4977,0.83467,3.3699,0,0,25.333,0,54.885,20.383,0,5.1792e-10,0,1.202e-11,0,249.63,0,87.306,12.358,26.126,12.214,0,42.443,7.3519,3.1947,0,0,36.205,1.4898,126.37,1.8951,101.21,1.9417,0,1.4266,10.741,1.1425,0.026324,0.5654,0.74917,0.45902,2.9819,36.574,16.682,40.968,35.774,37.9,43.341,38.674,0,27.642,6.132,0,132.04,0,0,7.5919e-10,1.1569e-10,3.4552,0.60089,2.7024,0,0,0,0,0,5.2489,0,5.5853e-11,0,0,15.577,2.839,3.0543,7.2884e-11,1970
2.2938,35.379,49.064,6.7145,0,0,23.126,0,0,24.237,39.939,0,0,0,5.3628,1.5026,0,4.1231e-11,1.2738e-09,5.0824,7.3689,4.3516,10.432,0,11.455,4.1163,0.90627,16.53,16.402,30.057,13.765,4.0074,2.6446,0.96279,0.67639,15.54,2.1084,2.7834,1.6593,0.40429,1.0514,0.30138,0.3432,59.063,0,1.0965,0.2628,0.82336,0.74164,1.1204,0.36432,3.8674,4.0181,2.0793,1.05,0.67707,0.91381,0,0.75875,2.632,0,0.12616,0.68555,0.84779,11.492,0.51568,0.81324,1.0971,9.6589,7.054,9.3442,0,80.341,1.1719,0.53225,122.27,0.97389,3.891,15.183,0.50997,0.68263,0.48453,9.2637,0.47534,3.9794,4.0972,1.1977,1.0915,0.60827,2.4558,0,0,18.461,0,38.306,14.857,0,5.1792e-10,0,1.202e-11,0,181.95,0,28.479,8.625,19.043,8.5245,0,29.623,4.7005,2.0426,0,0,18.597,1.0859,64.911,2.2345,73.767,1.4153,0,2.9677,14.003,0.83263,0.019184,0.35725,0.47336,0.59844,6.2029,26.653,12.157,29.855,26.07,27.62,31.585,28.184,0,19.707,3.9205,159.2,15.745,0,0,7.5919e-10,1.1569e-10,1.7748,0.4379,1.9694,0,0,0,0,0,2.6961,0,5.5853e-11,0,0,11.105,2.0689,3.982,7.2884e-11,1520
1.8097,27.913,38.709,3.7613,0,0,9.2857,0,0,40.383,8.3593,0,0,0,4.1751,1.1854,0,4.1231e-11,1.2738e-09,7.4656,1.5423,0.91079,2.1834,0,2.3976,6.8584,1.51,3.4598,24.094,6.2909,2.881,0.83876,1.4458,0,0.22271,12.659,1.7175,2.2674,1.3656,0.33274,0.52756,0.15123,0.17221,29.637,0,0.86511,0.21629,0.67764,0.37214,0.8455,0.18281,1.9406,2.0162,1.6404,0.82841,0.53417,0.72095,0,0.59862,2.0765,0,0.099535,0.14349,0.66886,2.4053,0.40685,0.6416,0.86554,7.6204,5.5653,7.3721,0,62.517,0.92457,0.41991,100.63,0.76835,3.0698,11.978,0.40234,0.53856,0.38227,6.3979,0.37502,3.1395,3.2325,0.94489,0.86112,0.47989,1.9375,0,0,14.565,0,8.0175,6.876,0,5.1792e-10,0,1.202e-11,0,84.209,0,0,1.8052,8.8133,1.7842,0,6.2,2.6331,1.1442,0,0,7.4671,0.50257,26.063,1.8385,34.14,0.65501,0,2.4175,7.0266,0.6569,0.015135,0.29402,0.38959,0.30029,5.053,21.028,9.5915,23.554,20.568,21.79,24.919,22.236,0,13.61,2.1962,388.24,11.882,0,0,7.5919e-10,1.1569e-10,0.71262,0.34548,1.5537,0,0,0,0,0,1.0825,0,5.5853e-11,0,0,7.6698,1.6323,1.9981,7.2884e-11,1775
1.6777,25.876,35.885,12.358,0,0,75.268,0,0,32.17,60.442,0,0,0,15.005,1.099,0.47001,0.55316,1.7162,6.2534,11.152,6.5855,15.787,0,17.336,5.4636,1.2029,25.016,20.181,45.487,20.831,6.0647,7.9629,5.9942,2.6892,28.321,3.8424,5.0728,4.6738,1.1388,2.1578,0.61855,0.70437,121.22,0,0.802,0.74026,2.3192,1.5221,0.99009,0.74773,7.9373,8.2467,1.5207,0.76797,0.4952,0.66835,0,0.55495,1.925,0,0.092273,1.0375,0.62007,17.391,0.37716,0.5948,0.8024,7.0645,5.1593,6.8342,0,159.42,0.85712,0.38928,344.41,0.71229,2.8459,11.104,0.37299,0.49927,0.35438,6.9387,0.34766,2.9105,2.9966,0.87596,0.7983,0.44488,1.7962,0,0,13.503,2.6079,57.97,13.048,0,1.2756,0,1.202e-11,0,159.8,0,0,13.053,16.725,12.901,0,44.829,8.6512,3.7593,0,0,60.527,0.95371,211.26,2.9699,64.787,1.243,0,5.4086,28.74,0.60898,0.014031,1.0063,1.3334,1.2282,11.305,19.494,8.8918,21.836,19.068,20.201,23.101,20.614,0,14.761,7.2156,71.061,13.914,0,0,1.6385,0.17527,5.7763,0.32027,1.4404,0,0,0,0,0,8.7748,0.61417,0.29671,0,0,8.3181,1.5132,8.1727,1.13,1640
0.77522,11.957,16.582,3.2922,0,0,16.518,0,0,15.949,8.0152,0,0,0,2.9867,0.50781,0,4.1231e-11,1.2738e-09,3.8591,1.4788,0.8733,2.0935,0,2.2989,2.7087,0.59636,3.3174,12.454,6.032,2.7624,0.80424,2.818,1.1268,0.742,15.957,2.1649,2.8581,0.79441,0.19356,0.61212,0.17547,0.19981,34.387,0,0.37059,0.12582,0.3942,0.43179,1.6407,0.21211,2.2516,2.3394,0.70272,0.35487,0.22883,0.30884,0,0.25643,0.88951,0,0.042638,0.13758,0.28653,2.3063,0.17428,0.27485,0.37078,3.2644,2.384,3.158,0,82.919,0.39606,0.17988,58.539,0.32914,1.315,5.1312,0.17235,0.23071,0.16375,4.6224,0.16065,1.3449,1.3847,0.40477,0.36888,0.20558,0.82998,0,0,6.2393,0,7.6874,1.1307,0,5.1792e-10,0,1.202e-11,0,13.847,0,0,1.7309,1.4492,1.7107,0,5.9448,2.3047,1.0015,0,0,13.283,0.082641,46.362,1.9234,5.6139,0.10771,0,3.0472,8.1528,0.2814,0.0064835,0.17104,0.22663,0.34842,6.3692,9.008,4.1088,10.09,8.8109,9.3345,10.675,9.5253,0,9.8333,1.9223,222.62,23.057,0,0,7.5919e-10,1.1569e-10,1.2676,0.14799,0.66559,0,0,0,0,0,1.9257,0,5.5853e-11,0,0,5.5413,0.69923,2.3184,7.2884e-11,1580
2.1459,33.098,45.9,10.597,0,0,58.886,16.46,0,59.886,60.53,0,0,0,2.9218,1.4057,10.051,11.829,36.698,10.344,11.168,6.5951,15.81,0,17.361,10.171,2.2393,25.053,33.384,45.553,20.861,6.0735,0,0,0,5.1181,0.69439,0.91673,1.2485,0.3042,0.7338,0.21035,0.23953,41.223,1.7792,1.0258,0.19774,0.61952,0.51762,13.805,0.25428,2.6992,2.8044,1.9452,0.9823,0.6334,0.85488,7.1921,0.70982,2.4622,0,0.11803,1.039,0.79312,17.417,0.48243,0.76079,1.0263,9.0361,6.5991,8.7416,0,15.861,1.0963,0.49792,91.999,0.91108,3.6401,14.204,0.47709,0.63861,0.45328,0.89304,0.44468,3.7228,3.833,1.1204,1.0211,0.56904,2.2974,0.026166,0.19467,17.271,55.767,58.055,1.2473,0,27.277,0,1.202e-11,0,15.275,0,0,13.072,1.5987,12.919,0,44.895,7.4184,3.2236,0,0,47.353,0.091164,165.28,2.5739,6.1929,0.11882,0,0.97741,9.7735,0.77894,0.017947,0.2688,0.35617,0.41768,2.0429,24.935,11.373,27.93,24.389,25.838,29.548,26.367,0,1.8998,6.1874,0,194,0,0,35.036,3.7479,4.5191,0.40966,1.8424,0,0,0,0,2.4669,6.865,13.133,6.3448,0,0,1.0706,1.9355,2.7793,24.165,1816
9.7957,151.09,209.53,26.147,0,0,98.476,52.749,0,240.96,94.208,0,0,0,14.574,6.4167,30.426,35.809,111.09,37.072,17.382,10.264,24.606,0,27.021,40.923,9.01,38.992,119.64,70.898,32.468,9.4527,0,0,0,7.3693,0.99981,1.3199,2.1032,0.51245,1.0514,0.30138,0.3432,59.063,16.013,4.6828,0.33311,1.0436,0.74164,30.255,0.36432,3.8674,4.0181,8.8795,4.4841,2.8914,3.9025,23.049,3.2403,11.24,0,0.53878,1.6171,3.6205,27.107,2.2022,3.473,4.6851,41.249,30.125,39.905,0,29.789,5.0046,2.273,154.98,4.159,16.617,64.838,2.1779,2.9152,2.0692,0,2.03,16.994,17.497,5.1147,4.6612,2.5976,10.488,0.2355,1.7521,78.84,168.82,90.356,2.1645,0,82.575,0,1.202e-11,0,26.508,0,0,20.345,2.7743,20.108,0,69.874,18.304,7.9539,0,0,79.189,0.1582,276.4,5.5156,10.747,0.20619,0,1.4073,14.003,3.5558,0.081926,0.45282,0.6,0.59844,2.9415,113.82,51.918,127.5,111.33,117.95,134.88,120.36,0,0,15.267,0,425.18,0,0,106.06,11.346,7.5574,1.8701,8.4104,0,0,0,0,7.9056,11.48,39.758,19.207,0,0,0,8.8354,3.982,73.152,1560
26.407,407.3,564.84,25.616,0,0,58.793,187.94,0,285.15,122.68,0,0,0,37.995,17.298,106.33,125.14,388.25,43.594,22.635,13.367,32.043,0,35.187,48.428,10.662,50.776,140.69,92.325,42.281,12.31,48.206,44.066,17.92,125.04,16.964,22.396,12.24,2.9823,2.7198,0.77964,0.88781,152.79,48.927,12.624,1.9386,6.0735,1.9185,84.101,0.94247,10.004,10.394,23.937,12.088,7.7946,10.52,82.12,8.735,30.3,59.05,1.4524,2.1058,9.76,35.3,5.9367,9.3623,12.63,111.2,81.208,107.57,0,757.79,13.491,6.1274,901.92,11.212,44.795,174.79,5.871,7.8586,5.578,0,5.4722,45.812,47.168,13.788,12.565,7.0026,28.272,0.71956,5.3533,212.53,589.98,117.66,3.8687,0,288.58,0,6.1334,0,47.379,0,0,26.493,4.9587,26.185,0,90.991,17.932,7.7924,0,0,47.279,0.28277,165.02,18.583,19.209,0.36853,0,23.878,36.225,9.5855,0.22085,2.6352,3.4918,1.5481,49.909,306.84,139.96,343.7,300.13,317.97,363.61,324.46,4.8167,0,14.957,0,1181.9,0,0,370.66,39.65,4.512,5.0412,22.672,0,0,0,0,28.167,6.8542,138.94,67.124,0,0,0,23.818,10.301,255.65,1520
51.823,799.33,1108.5,38.391,0,0,112.73,267.3,0,387.6,234.01,0,0,0,131.88,33.947,150.89,177.59,550.95,58.716,43.176,25.497,61.121,0,67.119,65.828,14.493,96.855,189.49,176.11,80.651,23.48,99.09,92.205,37.178,247.33,33.555,44.3,80.414,19.593,5.8216,1.6688,1.9003,327.04,354.94,24.774,12.736,39.903,4.1065,117.58,2.0173,21.414,22.249,46.976,23.723,15.297,20.646,116.8,17.142,59.464,1132.1,2.8504,4.0168,19.154,67.334,11.651,18.373,24.786,218.22,159.37,211.11,0,1514.4,26.477,12.025,5925.6,22.003,87.91,343.02,11.522,15.423,10.947,0,10.739,89.906,92.567,27.059,24.66,13.743,55.484,5.22,38.835,417.1,837.23,224.44,13.156,0,409.51,0,117.59,0,161.12,0,0,50.535,16.863,49.947,0,173.56,26.876,11.679,0,0,90.649,0.96159,316.4,19.008,65.322,1.2533,0,47.232,77.537,18.812,0.43342,17.313,22.941,3.3136,98.722,602.18,274.67,674.52,589,624.01,713.59,636.76,92.345,0,22.416,0,1652.4,0,0,526,56.267,8.6511,9.8934,44.494,0,0,0,0,40.061,13.142,197.17,95.254,0,0,0,46.743,22.049,362.78,1928
68.2,1051.9,1458.8,31.781,0,0,98.476,205.23,0,396.2,326.95,0,0,0,114.87,44.675,116.04,136.57,423.7,59.986,60.324,35.623,85.396,0,93.776,67.289,14.815,135.32,193.59,246.05,112.68,32.806,94.013,87.402,35.256,235.12,31.9,42.114,46.996,11.451,13.463,3.8591,4.3946,756.29,314.91,32.603,7.4435,23.32,9.4965,214.67,4.6651,49.521,51.451,61.822,31.22,20.131,27.17,89.677,22.56,78.255,920.33,3.7511,5.6121,25.207,94.076,15.333,24.18,32.619,287.19,209.73,277.83,0,1438.9,34.844,15.825,3463.1,28.956,115.69,451.42,15.163,20.296,14.406,25.791,14.133,118.32,121.82,35.61,32.452,18.085,73.018,4.6313,34.456,548.91,643.86,313.58,20.067,0,314.93,0,95.593,0,245.75,0,0,70.606,25.72,69.784,0,242.5,22.248,9.6678,0,0,79.189,1.4667,276.4,45.284,99.633,1.9115,0,44.901,179.31,24.756,0.57039,10.118,13.407,7.6629,93.851,792.48,361.47,887.68,775.14,821.2,939.1,837.99,75.071,54.866,18.556,0,3016.8,0,0,404.51,43.271,7.5574,13.02,58.555,0,0,0,0,30.759,11.48,151.63,73.254,0,0,30.918,61.514,50.989,278.99,1625
37.53,578.86,802.76,25.01,0,0,89.152,31.429,0,291.17,179.41,0,0,0,53.992,24.584,18.455,21.72,67.386,44.483,33.102,19.548,46.86,0,51.458,49.451,10.887,74.256,143.56,135.02,61.833,18.002,15.803,13.411,5.6563,47.163,6.3987,8.4475,12.296,2.9959,4.0928,1.1732,1.336,229.92,229.51,17.941,1.9474,6.1013,2.887,175.47,1.4182,15.055,15.642,34.02,17.18,11.078,14.951,13.733,12.414,43.063,256.45,2.0642,3.0796,13.871,51.623,8.4373,13.306,17.95,158.03,115.41,152.88,0,275.99,19.174,8.7083,906.05,15.934,63.663,248.41,8.3439,11.169,7.9276,40.533,7.7772,65.109,67.036,19.595,17.858,9.9522,40.181,3.3753,25.112,302.06,102.4,172.07,19.275,0,50.087,0,26.637,0,236.06,0,22.55,38.744,24.706,38.293,0,133.07,17.508,7.608,0,0,71.692,1.4088,250.23,28.285,95.705,1.8362,0,9.0066,54.511,13.623,0.31388,2.6473,3.5077,2.3296,18.825,436.09,198.91,488.48,426.55,451.9,516.77,461.13,20.919,86.225,14.603,0,2465.9,0,0,64.334,6.8819,6.8418,7.1647,32.222,0,0,0,0,4.7103,10.393,24.115,11.65,0,0,48.59,33.851,15.501,44.371,1717
11.066,170.69,236.71,22.99,0,0,61.636,6.1941,0,44.015,166.34,0,0,0,30.082,7.2491,4.2869,5.0453,15.653,8.0017,30.69,18.124,43.446,0,47.71,7.4753,1.6458,68.847,25.824,125.18,57.329,16.69,6.1995,4.326,2.0218,24.084,3.2675,4.3137,4.7893,1.167,3.0799,0.88287,1.0054,173.02,11.565,5.2903,0.75855,2.3766,2.1726,77.619,1.0673,11.329,11.771,10.031,5.0658,3.2665,4.4087,2.7065,3.6606,12.698,5.905,0.60867,2.8552,4.0902,47.862,2.4879,3.9235,5.2929,46.6,34.032,45.081,0,133.2,5.6538,2.5678,352.92,4.6985,18.772,73.249,2.4604,3.2934,2.3376,16.996,2.2933,19.199,19.767,5.7781,5.2658,2.9346,11.848,0.17008,1.2654,89.067,23.786,159.54,21.076,0,11.634,0,0.61334,0,258.11,0,634.42,35.922,27.014,35.503,0,123.37,16.094,6.9936,0,0,49.565,1.5404,173,19.375,104.64,2.0077,0,4.5992,41.021,4.017,0.092553,1.0312,1.3663,1.7531,9.6131,128.59,58.653,144.04,125.78,133.25,152.38,135.97,0.48167,36.155,13.423,0,1090.8,0,0,14.944,1.5986,4.7302,2.1126,9.5014,0,0,0,0,0.92832,7.1857,5.6017,2.7062,0,0,20.374,9.9815,11.665,10.307,1590
5.3366,82.312,114.15,7.6094,0,0,22.736,0,0,43.67,32.661,0,0,0,12.205,3.4958,0.48331,0.56882,1.7647,7.9508,6.0261,3.5586,8.5308,0,9.3678,7.4167,1.6329,13.518,25.659,24.58,11.257,3.2772,0,0,0,5.0263,0.68194,0.90029,1.7711,0.43154,1.0834,0.31058,0.35367,60.865,0,2.5512,0.28051,0.87885,0.76426,24.186,0.37544,3.9854,4.1407,4.8375,2.4429,1.5752,2.126,0,1.7653,6.1234,15.184,0.29352,0.56062,1.9724,9.3978,1.1998,1.892,2.5524,22.472,16.412,21.74,0,15.293,2.7265,1.2383,130.51,2.2658,9.0527,35.323,1.1865,1.5882,1.1273,12.994,1.1059,9.2583,9.5323,2.7864,2.5394,1.4152,5.7136,0,0,42.951,2.6817,31.325,11.902,0,1.3117,0,1.5771,0,145.76,0,867.19,7.0533,15.255,6.9711,0,24.224,5.3269,2.3148,0,0,18.283,0.86992,63.815,3.1679,59.095,1.1338,0,0.95988,14.43,1.9372,0.044632,0.38132,0.50526,0.6167,2.0063,62.011,28.285,69.46,60.654,64.258,73.484,65.572,1.2386,27.642,4.443,0,339.9,0,0,1.6848,0.18023,1.7448,1.0188,4.5819,0,0,0,0,0,2.6506,0.63155,0.3051,0,0,15.577,4.8135,4.1035,1.162,1979
2.2782,35.139,48.73,8.7756,0,0,27.449,0,0,10.778,51.994,0,0,0,4.2603,1.4923,0.16805,0.19778,0.61362,3.0958,9.5931,5.665,13.58,0,14.913,1.8305,0.40301,21.52,9.991,39.129,17.92,5.217,3.6791,1.9415,1.0679,18.026,2.4457,3.2287,1.7882,0.43571,0.34478,0.098834,0.11255,19.369,0,1.0891,0.28322,0.88734,0.24321,5.4017,0.11948,1.2683,1.3177,2.0651,1.0429,0.67246,0.90759,0,0.75359,2.614,0,0.1253,0.89247,0.84202,14.961,0.51217,0.8077,1.0896,9.5932,7.006,9.2806,0,95.723,1.1639,0.52862,131.77,0.96726,3.8645,15.079,0.5065,0.67798,0.48123,9.2637,0.4721,3.9523,4.0693,1.1895,1.084,0.60413,2.4391,0,0,18.336,0.93245,49.868,16.57,0,0.45609,0,1.202e-11,0,202.93,0,110.56,11.228,21.239,11.097,0,38.564,6.1433,2.6695,0,0,22.073,1.2111,77.042,5.2044,82.273,1.5785,0,3.4425,4.5922,0.82696,0.019053,0.385,0.51014,0.19625,7.1953,26.472,12.075,29.652,25.893,27.432,31.37,27.992,0,19.707,5.1239,2.14,75.912,0,0,0.58583,0.062666,2.1065,0.43492,1.956,0,0,0,0,0,3.2,0.21959,0.10609,0,0,11.105,2.0548,1.3059,0.40404,1798
0.62212,9.5955,13.307,2.5748,0,0,7.5713,0,0,26.417,2.9817,0,0,0,2.4985,0.40752,0,4.1231e-11,1.2738e-09,5.4042,0.55014,0.32487,0.77879,0,0.85521,4.4865,0.98778,1.2341,17.441,2.2439,1.0276,0.29918,0.26897,0,0,9.8308,1.3338,1.7608,1.6031,0.39061,0.6429,0.18429,0.20986,36.116,0,0.2974,0.2539,0.79548,0.4535,0.9343,0.22278,2.3648,2.457,0.56393,0.28478,0.18363,0.24784,0,0.20579,0.71383,0,0.034217,0.051181,0.22994,0.85795,0.13986,0.22056,0.29755,2.6197,1.9132,2.5343,0,45.018,0.31784,0.14435,118.13,0.26413,1.0553,4.1178,0.13831,0.18514,0.13141,6.3979,0.12892,1.0793,1.1112,0.32483,0.29603,0.16497,0.66606,0,0,5.007,0,2.8598,5.8926,0,5.1792e-10,0,1.202e-11,0,72.165,0,0,0.64391,7.5528,0.63641,0,2.2115,1.8025,0.78325,0,0,6.0885,0.43069,21.251,1.4708,29.257,0.56133,0,1.8774,8.5627,0.22582,0.005203,0.34515,0.45734,0.36594,3.924,7.2289,3.2973,8.0973,7.0707,7.4909,8.5663,7.644,0,13.61,1.5034,158.45,13.13,0,0,7.5919e-10,1.1569e-10,0.58105,0.11877,0.53413,0,0,0,0,0,0.88268,0,5.5853e-11,0,0,7.6698,0.56113,2.435,7.2884e-11,1620
0.71365,11.007,15.265,2.201,0,0,17.6,0,0,32.84,6.9334,0,0,0,1.7487,0.46748,0,4.1231e-11,1.2738e-09,6.3523,1.2792,0.75543,1.8109,0,1.9886,5.5774,1.228,2.8697,20.5,5.2179,2.3896,0.69569,1.4813,0,0.23612,12.744,1.7291,2.2827,0.83494,0.20344,0.6103,0.17495,0.19922,34.285,0,0.34116,0.13224,0.41431,0.43051,1.9203,0.21148,2.2449,2.3324,0.64691,0.32669,0.21065,0.28431,0,0.23607,0.81886,0,0.039252,0.11901,0.26377,1.995,0.16044,0.25302,0.34133,3.0051,2.1947,2.9072,0,63.044,0.36461,0.16559,61.526,0.303,1.2106,4.7237,0.15867,0.21238,0.15075,6.9387,0.14789,1.2381,1.2747,0.37262,0.33959,0.18925,0.76406,0,0,5.7438,0,6.6499,5.1552,0,5.1792e-10,0,1.202e-11,0,63.134,0,0,1.4973,6.6076,1.4799,0,5.1425,1.5408,0.66954,0,0,14.153,0.37679,49.399,2.3194,25.596,0.49108,0,2.4338,8.1286,0.25905,0.0059686,0.17977,0.2382,0.34738,5.087,8.2925,3.7824,9.2887,8.1111,8.5931,9.8268,8.7688,0,14.761,1.2851,0,26.986,0,0,7.5919e-10,1.1569e-10,1.3507,0.13624,0.61273,0,0,0,0,0,2.0518,0,5.5853e-11,0,0,8.3181,0.64369,2.3115,7.2884e-11,2030
0.2232,3.4426,4.7742,2.8708,0,0,16.696,0,0,29.67,8.7257,0,0,0,1.7589,0.14621,0,4.1231e-11,1.2738e-09,5.8844,1.6099,0.95071,2.2791,0,2.5027,5.039,1.1094,3.6115,18.99,6.5667,3.0073,0.87553,0.58849,0,0,10.599,1.4379,1.8984,0.13778,0.033572,0.12058,0.034565,0.039361,6.7739,0,0.1067,0.021823,0.06837,0.085058,0.90221,0.041784,0.44355,0.46083,0.20232,0.10217,0.065882,0.088919,0,0.073831,0.2561,0,0.012276,0.14978,0.082495,2.5107,0.050179,0.079133,0.10675,0.93987,0.6864,0.90924,0,49.769,0.11403,0.05179,10.153,0.094765,0.37862,1.4774,0.049623,0.066424,0.047147,4.6224,0.046253,0.38722,0.39868,0.11654,0.10621,0.059188,0.23896,0,0,1.7964,0,8.3689,1.1169,0,5.1792e-10,0,1.202e-11,0,13.678,0,0,1.8844,1.4315,1.8624,0,6.4718,2.0097,0.8733,0,0,13.426,0.081633,46.863,1.8102,5.5454,0.10639,0,2.024,1.606,0.08102,0.0018667,0.029665,0.039307,0.068635,4.2305,2.5935,1.183,2.9051,2.5368,2.6875,3.0734,2.7425,0,9.8333,1.6762,0,12.679,0,0,7.5919e-10,1.1569e-10,1.2813,0.04261,0.19163,0,0,0,0,0,1.9465,0,5.5853e-11,0,0,5.5413,0.20132,0.4567,7.2884e-11,2139
1.5298,23.596,32.723,12.474,0,0,34.21,3.5816,0,101.7,4.6786,0,0,0,2.8643,1.0021,2.82,3.3189,10.297,16.516,0.86322,0.50976,1.222,0,1.3419,17.272,3.8028,1.9364,53.302,3.521,1.6125,0.46944,0,0,0,7.1922,0.97578,1.2882,0.72285,0.17613,0.23956,0.068672,0.0782,13.458,0,0.73133,0.11449,0.35869,0.16899,7.7306,0.083014,0.88121,0.91556,1.3867,0.7003,0.45157,0.60946,1.565,0.50605,1.7554,0,0.084143,0.080308,0.56543,1.3462,0.34393,0.54239,0.73169,6.442,4.7046,6.232,0,28.693,0.78159,0.35498,53.266,0.64953,2.5951,10.126,0.34013,0.45528,0.32315,0.89304,0.31702,2.654,2.7326,0.79877,0.72796,0.40568,1.6379,0,0,12.313,15.647,4.4873,1.36,0,7.6534,0,1.202e-11,0,16.656,0,0,1.0104,1.7432,0.99859,0,3.4701,8.7324,3.7946,0,0,27.51,0.099406,96.021,2.5739,6.7528,0.12956,0,1.3735,3.1907,0.55532,0.012795,0.15563,0.20622,0.13636,2.8708,17.776,8.1083,19.912,17.387,18.421,21.065,18.797,0,1.8998,7.2834,0,108.64,0,0,9.8305,1.0516,2.6254,0.29205,1.3135,0,0,0,0,0.53677,3.9883,3.6849,1.7802,0,0,1.0706,1.3799,0.90734,6.78,1927
4.324,66.693,92.49,18.41,0,0,25.499,118.92,0,258.03,9.8608,0,0,0,5.6032,2.8324,67.579,79.535,246.76,39.591,1.8194,1.0744,2.5756,0,2.8283,43.823,9.6483,4.0813,127.77,7.4209,3.3985,0.98942,0,0,0,8.4503,1.1465,1.5136,1.08,0.26316,0.29297,0.08398,0.095632,16.458,0,2.0671,0.17106,0.53593,0.20666,48.964,0.10152,1.0776,1.1197,3.9196,1.9794,1.2763,1.7226,51.963,1.4303,4.9615,0,0.23783,0.16926,1.5982,2.8373,0.9721,1.533,2.0681,18.208,13.297,17.615,0,36.477,2.2091,1.0033,79.586,1.8359,7.3349,28.621,0.96135,1.2868,0.91338,0,0.89605,7.5015,7.7235,2.2577,2.0575,1.1466,4.6294,0,0,34.801,374.97,9.4576,1.4939,0,183.41,0,1.202e-11,0,18.296,0,0,2.1295,1.9149,2.1047,0,7.3137,12.888,5.6003,0,0,20.505,0.10919,71.571,5.9964,7.4176,0.14231,0,1.6138,3.902,1.5696,0.036163,0.23253,0.30811,0.16676,3.373,50.244,22.918,56.28,49.145,52.065,59.54,53.13,0,0,10.749,0,688.11,0,0,235.58,25.2,1.9569,0.82548,3.7125,0,0,0,0,17.823,2.9728,88.306,42.661,0,0,0,3.9001,1.1096,162.48,2060
19.4,299.23,414.97,28.063,0,0,70.33,127.84,0,291.17,149.41,0,0,0,18.523,12.708,72.586,85.428,265.04,44.483,27.567,16.279,39.025,0,42.854,49.451,10.887,61.84,143.56,112.44,51.494,14.992,50.898,46.613,18.938,131.51,17.842,23.555,11.923,2.9051,2.4654,0.70673,0.80478,138.5,16.013,9.2742,1.8884,5.9164,1.7391,87.552,0.85432,9.0688,9.4223,17.586,8.8808,5.7264,7.7288,55.859,6.4173,22.26,31.212,1.067,2.5646,7.1704,42.991,4.3615,6.8782,9.2788,81.693,59.661,79.03,0,797.82,9.9116,4.5016,878.59,8.2369,32.909,128.41,4.3132,5.7735,4.098,0,4.0203,33.657,34.653,10.129,9.2314,5.1446,20.771,0.2355,1.7521,156.14,402.75,143.3,3.8158,0,197,0,3.2419,0,46.731,0,0,32.266,4.8909,31.89,0,110.82,19.645,8.5368,0,0,56.556,0.2789,197.4,2.4042,18.946,0.36349,0,25.114,32.837,7.0422,0.16225,2.5671,3.4014,1.4033,52.491,225.43,102.82,252.51,220.5,233.6,267.14,238.37,2.546,0,16.386,0,1230.4,0,0,253.03,27.067,5.3973,3.7036,16.657,0,0,0,0,19.159,8.1991,94.849,45.822,0,0,0,17.498,9.3377,174.52,2121
31.897,491.98,682.28,31.608,0,0,93.776,187.1,0,458.38,227.54,0,0,0,86.826,20.894,105.86,124.59,386.53,69.164,41.982,24.792,59.431,0,65.263,77.849,17.14,94.177,223.21,171.24,78.421,22.831,92.587,86.053,34.716,231.7,31.435,41.5,2.3842,0.58093,23.18,6.6447,7.5667,1302.2,201.94,15.248,0.37762,1.1831,16.351,150.08,8.0325,85.266,88.59,28.914,14.601,9.4152,12.707,81.754,10.551,36.6,264.04,1.7544,3.9057,11.789,65.472,7.171,11.309,15.256,134.32,98.093,129.94,0,1417.7,16.296,7.4014,175.69,13.543,54.108,211.13,7.0917,9.4926,6.7378,0,6.61,55.337,56.975,16.655,15.178,8.4586,34.15,2.9699,22.095,256.72,587.37,218.24,10.444,0,287.3,0,27.425,0,127.9,0,0,49.138,13.386,48.566,0,168.77,22.127,9.6152,0,0,75.41,0.76333,263.21,10.381,51.854,0.99486,0,44.247,308.74,11.578,0.26677,0.51333,0.68018,13.194,92.483,370.64,169.06,415.17,362.53,384.08,439.22,391.93,21.538,0,18.455,0,2109.1,0,0,369.02,39.475,7.1967,6.0894,27.386,0,0,0,0,28.041,10.933,138.33,66.827,0,0,0,28.77,87.795,254.51,1930
41.291,636.87,883.21,33.899,0,0,89.576,68.356,0,352.26,371.83,0,0,0,77.539,27.048,39.188,46.121,143.09,53.5,68.604,40.513,97.119,0,106.65,59.826,13.172,153.9,172.66,279.83,128.15,37.309,44.487,40.548,16.512,116.1,15.751,20.795,22.633,5.5147,10.366,2.9715,3.3837,582.33,167.24,19.739,3.5847,11.231,7.3121,218.03,3.592,38.13,39.616,37.429,18.902,12.188,16.45,29.868,13.658,47.378,336.58,2.2711,6.3824,15.261,106.99,9.2829,14.639,19.749,173.87,126.98,168.21,0,702.5,21.096,9.581,1667.8,17.531,70.043,273.31,9.1802,12.288,8.7221,25.791,8.5566,71.634,73.754,21.559,19.648,10.95,44.208,2.4596,18.298,332.33,217.44,356.63,19.08,0,106.36,0,34.96,0,233.67,0,0,80.298,24.456,79.363,0,275.78,23.731,10.312,0,0,72.032,1.3946,251.42,21.214,94.736,1.8176,0,22.171,138.06,14.988,0.34533,4.873,6.4568,5.9003,46.342,479.79,218.85,537.43,469.3,497.19,568.56,507.35,27.455,54.866,19.793,0,3064.1,0,0,136.61,14.613,6.8744,7.8827,35.451,0,0,0,0,10.245,10.443,51.208,24.739,0,0,30.918,37.243,39.261,94.219,1702
24.649,380.19,527.25,32.95,0,0,79.992,15.883,0,222.49,239.68,0,0,0,38.76,16.147,9.7266,11.447,35.515,34.345,44.222,26.114,62.602,0,68.745,37.787,8.3193,99.202,110.84,180.38,82.605,24.049,18.545,16.006,6.6943,53.754,7.2929,9.6281,5.4478,1.3274,4.5686,1.3096,1.4913,256.65,69.388,11.784,0.86284,2.7033,3.2227,197.63,1.5831,16.805,17.46,22.344,11.284,7.2759,9.8199,6.9399,8.1537,28.283,30.369,1.3558,4.1141,9.1105,68.965,5.5416,8.7392,11.789,103.8,75.804,100.41,0,316.77,12.593,5.7196,401.44,10.466,41.814,163.16,5.4803,7.3357,5.2068,40.533,5.1081,42.763,44.029,12.87,11.729,6.5366,26.391,1.0205,7.592,198.39,53.969,229.88,17.09,0,26.398,0,3.1544,0,209.3,0,0,51.76,21.905,51.157,0,177.77,23.067,10.023,0,0,64.326,1.2491,224.52,14.538,84.855,1.628,0,10.265,60.849,8.9476,0.20615,1.1729,1.5542,2.6004,21.456,286.42,130.64,320.83,280.16,296.8,339.42,302.87,2.4772,86.225,19.239,0,2777.4,0,0,33.907,3.627,6.1389,4.7057,21.163,0,0,0,0,2.3804,9.3256,12.71,6.1402,0,0,48.59,22.233,17.303,23.385,2097
10.451,161.19,223.54,10.03,0,0,36.045,0,0,65.568,74.6,0,0,0,16.872,6.8458,0.36004,0.42373,1.3146,11.183,13.764,8.1281,19.485,0,21.397,11.136,2.4517,30.876,36.091,56.142,25.711,7.4853,3.8987,2.1492,1.151,18.554,2.5173,3.3233,2.996,0.72999,1.8018,0.5165,0.58816,101.22,25.798,4.9959,0.47452,1.4867,1.271,105.11,0.62436,6.6277,6.8861,9.4733,4.784,3.0848,4.1634,0,3.4569,11.991,32.899,0.5748,1.2805,3.8626,21.465,2.3495,3.7052,4.9984,44.007,32.139,42.573,0,98.988,5.3393,2.425,220.77,4.4371,17.728,69.173,2.3235,3.1101,2.2076,16.996,2.1657,18.131,18.667,5.4566,4.9729,2.7713,11.189,0.3794,2.8227,84.112,1.9977,71.549,13.88,0,0.97714,0,3.4172,0,169.98,0,871.88,16.11,17.79,15.922,0,55.33,7.0215,3.0511,0,0,28.985,1.0145,101.17,12.955,68.914,1.3222,0,3.5432,23.998,3.7935,0.087403,0.64504,0.8547,1.0256,7.4059,121.44,55.39,136.02,118.78,125.84,143.9,128.41,2.6836,36.155,5.8564,0,1477.1,0,0,1.2551,0.13426,2.7662,1.9951,8.9727,0,0,0,0,0,4.2022,0.47046,0.22728,0,0,20.374,9.4262,6.8243,0.86563,1900
6.1248,94.47,131.01,8.3925,0,0,30.552,0,0,30.168,51.585,0,0,0,8.015,4.0121,0,4.1231e-11,1.2738e-09,5.9579,9.5177,5.6205,13.474,0,14.796,5.1236,1.128,21.351,19.228,38.821,17.779,5.176,0.60934,0,0,10.649,1.4447,1.9073,1.2186,0.29691,1.358,0.38927,0.44327,76.286,0.88958,2.928,0.193,0.60467,0.9579,29.077,0.47056,4.9951,5.1898,5.552,2.8037,1.8079,2.44,0,2.026,7.0278,0,0.33687,0.88545,2.2638,14.843,1.377,2.1715,2.9294,25.791,18.836,24.951,0,50.079,3.1292,1.4212,89.794,2.6005,10.39,40.54,1.3617,1.8227,1.2938,12.994,1.2692,10.626,10.94,3.198,2.9144,1.6242,6.5575,0.013083,0.097333,49.295,0,49.476,10.689,0,5.1792e-10,0,1.202e-11,0,130.9,0,875.86,11.14,13.7,11.01,0,38.26,5.8751,2.553,0,0,24.568,0.78123,85.753,5.8833,53.07,1.0182,0,2.0336,18.087,2.2233,0.051224,0.26236,0.34763,0.77295,4.2505,71.17,32.462,79.719,69.613,73.749,84.337,75.257,0,27.642,4.9002,0,408.63,0,0,7.5919e-10,1.1569e-10,2.3447,1.1693,5.2586,0,0,0,0,0,3.5618,0,5.5853e-11,0,0,15.577,5.5244,5.1432,7.2884e-11,1914
2.7142,41.864,58.057,3.8673,0,0,8.5283,0,0,17.439,22.351,0,0,0,4.6669,1.778,0,4.1231e-11,1.2738e-09,4.079,4.1239,2.4353,5.8379,0,6.4107,2.9618,0.65208,9.2509,13.164,16.821,7.7032,2.2427,0.41915,0,0,10.192,1.3827,1.8255,1.2141,0.29584,1.0992,0.3151,0.35881,61.751,0,1.2975,0.1923,0.60248,0.77539,1.0598,0.3809,4.0434,4.201,2.4604,1.2425,0.80117,1.0813,0,0.89782,3.1144,0,0.14929,0.38365,1.0032,6.4312,0.6102,0.9623,1.2982,11.429,8.347,11.057,0,47.251,1.3867,0.6298,89.469,1.1524,4.6042,17.965,0.60345,0.80775,0.57334,9.2637,0.56246,4.7088,4.8481,1.4172,1.2915,0.71976,2.9059,0,0,21.845,0,21.437,6.876,0,5.1792e-10,0,1.202e-11,0,84.209,0,92.443,4.8268,8.8133,4.7705,0,16.578,2.7073,1.1764,0,0,6.858,0.50257,23.937,2.4891,34.14,0.65501,0,1.9463,14.64,0.98524,0.0227,0.26141,0.34638,0.62567,4.0681,31.539,14.386,35.328,30.849,32.682,37.374,33.35,0,19.707,2.2581,76.82,14.894,0,0,7.5919e-10,1.1569e-10,0.65449,0.51816,2.3304,0,0,0,0,0,0.99424,0,5.5853e-11,0,0,11.105,2.4481,4.1633,7.2884e-11,2873
2.1466,33.109,45.915,2.8791,0,0,13.962,0,0,9.4462,16.513,0,0,0,10.41,1.4061,0,4.1231e-11,1.2738e-09,2.8992,3.0467,1.7992,4.313,0,4.7363,1.6043,0.35321,6.8346,9.3566,12.427,5.6912,1.6569,1.3835,0,0.19911,12.509,1.6972,2.2406,1.6716,0.4073,0.90877,0.2605,0.29665,51.052,0,1.0262,0.26476,0.82949,0.64104,0.50551,0.31491,3.3428,3.4731,1.9458,0.98263,0.63361,0.85516,0,0.71005,2.463,0,0.11806,0.28344,0.79338,4.7514,0.48258,0.76104,1.0267,9.039,6.6013,8.7444,0,61.59,1.0967,0.49808,123.18,0.91138,3.6413,14.208,0.47724,0.63882,0.45343,6.3979,0.44483,3.724,3.8342,1.1208,1.0214,0.56923,2.2982,0,0,17.277,0,15.838,8.216,0,5.1792e-10,0,1.202e-11,0,100.62,0,0,3.5661,10.531,3.5245,0,12.248,2.0155,0.87582,0,0,11.228,0.60052,39.189,1.2163,40.794,0.78266,0,2.3889,12.104,0.77919,0.017953,0.35991,0.47689,0.51727,4.9932,24.943,11.377,27.939,24.397,25.847,29.558,26.375,0,13.61,1.6811,358.63,7.1041,0,0,7.5919e-10,1.1569e-10,1.0715,0.40979,1.843,0,0,0,0,0,1.6277,0,5.5853e-11,0,0,7.6698,1.9361,3.4419,7.2884e-11,2492
0.64872,10.006,13.876,1.5823,0,0,15.401,0,0,11.759,9.0316,0,0,0,4.1969,0.42494,0.22968,0.27031,0.83864,3.2406,1.6664,0.98404,2.359,0,2.5904,1.9971,0.43969,3.7381,10.458,6.7969,3.1127,0.90622,2.508,0.83356,0.62469,15.212,2.0638,2.7246,1.5986,0.38951,0.67289,0.19289,0.21965,37.801,0,0.31012,0.2532,0.79326,0.47466,0.45517,0.23317,2.4752,2.5716,0.58804,0.29696,0.19148,0.25844,0,0.21459,0.74435,0,0.03568,0.15503,0.23977,2.5987,0.14584,0.23,0.31027,2.7317,1.995,2.6427,0,78.31,0.33143,0.15053,117.8,0.27543,1.1004,4.2939,0.14423,0.19306,0.13703,6.9387,0.13443,1.1254,1.1587,0.33872,0.30869,0.17203,0.69454,0,0,5.2211,1.2744,8.6623,3.3815,0,0.62335,0,1.202e-11,0,41.413,0,0,1.9504,4.3343,1.9277,0,6.6987,1.1077,0.48134,0,0,12.385,0.24716,43.227,1.584,16.79,0.32213,0,2.905,8.9622,0.23548,0.0054255,0.34419,0.45606,0.38301,6.0719,7.538,3.4383,8.4435,7.373,7.8112,8.9326,7.9709,0,14.761,0.92388,22.17,6.3967,0,0,0.80066,0.085648,1.1819,0.12384,0.55697,0,0,0,0,0,1.7955,0.30012,0.14499,0,0,8.3181,0.58512,2.5486,0.55221,3310
0.67999,10.488,14.545,3.6758,0,0,8.9857,0,0,12.299,3.073,0,0,0,2.2952,0.44543,0.54982,0.64709,2.0076,3.3203,0.56698,0.33482,0.80264,0,0.8814,2.0888,0.45988,1.2719,10.716,2.3126,1.0591,0.30834,0.6501,0,0,10.747,1.458,1.9249,0.12446,0.030325,0.33585,0.096273,0.10963,18.867,0,0.32507,0.019712,0.061757,0.23691,0.80494,0.11638,1.2354,1.2835,0.61639,0.31128,0.20072,0.2709,0,0.22493,0.78024,0,0.0374,0.052748,0.25133,0.88422,0.15287,0.24108,0.32523,2.8634,2.0912,2.7701,0,50.685,0.34741,0.15778,9.171,0.28871,1.1535,4.5009,0.15118,0.20237,0.14364,4.6224,0.14091,1.1797,1.2146,0.35505,0.32357,0.18032,0.72803,0,0,5.4729,3.0507,2.9473,0.64275,0,1.4922,0,1.202e-11,0,7.8716,0,0,0.66363,0.82384,0.65589,0,2.2792,2.5732,1.1182,0,0,7.2259,0.046979,25.221,2.4891,3.1913,0.061229,0,2.0523,4.4731,0.24683,0.005687,0.026796,0.035505,0.19116,4.2896,7.9014,3.604,8.8506,7.7285,8.1878,9.3633,8.3552,0,9.8333,2.1462,0,11.312,0,0,1.9166,0.20503,0.6896,0.12981,0.58382,0,0,0,0,0,1.0476,0.71845,0.34709,0,0,5.5413,0.61333,1.272,1.3219,2845.5
1.9346,29.839,41.381,15.979,0,0,24.527,22.756,0,116.49,14.571,0,0,0,3.0195,1.2673,13.586,15.99,49.607,18.699,2.6884,1.5876,3.8058,0,4.1793,19.784,4.3558,6.0308,60.348,10.966,5.0219,1.462,0,0,0,8.0453,1.0915,1.441,2.0813,0.50713,0.21274,0.060982,0.069443,11.951,2.6688,0.92483,0.32965,1.0328,0.15006,13.083,0.073718,0.78253,0.81304,1.7537,0.88559,0.57104,0.77071,9.9434,0.63994,2.2198,0,0.10641,0.25011,0.71503,4.1926,0.43493,0.68589,0.92529,8.1464,5.9494,7.881,0,33.971,0.98839,0.4489,153.37,0.82138,3.2817,12.805,0.43012,0.57574,0.40866,0.89304,0.4009,3.3563,3.4556,1.0101,0.92056,0.51302,2.0713,0.039249,0.292,15.571,75.383,13.975,1.36,0,36.872,0,1.202e-11,0,16.656,0,0,3.1467,1.7432,3.11,0,10.807,11.186,4.8608,0,0,19.724,0.099406,68.843,3.0548,6.7528,0.12956,0,1.5364,2.8334,0.70225,0.01618,0.44811,0.59377,0.12109,3.2113,22.48,10.254,25.18,21.988,23.295,26.639,23.771,0,1.8998,9.3299,0,183.86,0,0,47.36,5.0662,1.8823,0.36933,1.661,0,0,0,0,3.4105,2.8594,17.753,8.5765,0,0,1.0706,1.7449,0.80574,32.664,3444.3
6.1655,95.097,131.88,22.767,0,0,55.002,79.055,0,190.11,68.41,0,0,0,9.1182,4.0387,45.195,53.191,165.02,29.566,12.622,7.4537,17.868,0,19.621,32.287,7.1086,28.314,95.417,51.483,23.577,6.8642,6.6259,4.7293,2.1832,25.108,3.4065,4.4973,0.77667,0.18924,0.35153,0.10077,0.11475,19.748,0,2.9474,0.12301,0.3854,0.24797,11.688,0.12181,1.2931,1.3435,5.5889,2.8224,1.8199,2.4562,34.543,2.0395,7.0745,0,0.33911,1.1743,2.2788,19.684,1.3861,2.1859,2.9489,25.962,18.961,25.116,0,139.54,3.15,1.4306,57.232,2.6177,10.459,40.81,1.3708,1.8349,1.3024,0,1.2777,10.696,11.013,3.2192,2.9338,1.635,6.601,0,0,49.623,250.77,65.613,1.8296,0,122.66,0,1.202e-11,0,22.407,0,0,14.773,2.3451,14.601,0,50.739,15.938,6.9257,0,0,44.23,0.13373,154.38,6.5338,9.0843,0.17429,0,4.7949,4.682,2.238,0.051565,0.16722,0.22157,0.20009,10.022,71.642,32.678,80.249,70.075,74.239,84.897,75.757,0,0,13.293,0,164.25,0,0,157.55,16.853,4.2211,1.177,5.2936,0,0,0,0,11.848,6.4123,59.057,28.531,0,0,0,5.5611,1.3314,108.66,3282.1
21.243,327.65,454.38,39.233,0,0,77.562,262.94,0,285.67,275.13,0,0,0,50.544,13.915,148.44,174.7,542,43.671,50.763,29.977,71.861,0,78.913,48.517,10.682,113.87,140.94,207.05,94.823,27.606,51.211,46.909,19.057,132.26,17.944,23.689,28.221,6.8764,7.0963,2.0342,2.3164,398.65,96.075,10.155,4.4698,14.004,5.0057,40.642,2.459,26.103,27.121,19.256,9.7242,6.2703,8.4628,114.89,7.0268,24.374,314.65,1.1684,4.7226,7.8514,79.165,4.7757,7.5314,10.16,89.451,65.327,86.536,0,802.48,10.853,4.9291,2079.6,9.0191,36.035,140.61,4.7229,6.3218,4.4872,0,4.4021,36.853,37.944,11.091,10.108,5.6332,22.743,1.4129,10.512,170.97,823.63,263.88,5.972,0,402.86,0,32.682,0,73.138,0,0,59.415,7.6546,58.723,0,204.06,27.465,11.935,0,0,62.372,0.4365,217.7,12.926,29.652,0.5689,0,25.257,94.515,7.711,0.17766,6.0762,8.0511,4.0392,52.792,246.84,112.59,276.49,241.44,255.78,292.51,261.01,25.666,0,22.908,0,571.15,0,0,517.46,55.353,5.9524,4.0554,18.238,0,0,0,0,39.407,9.0423,193.97,93.707,0,0,0,19.16,26.877,356.89,3353.8
56.919,877.93,1217.5,40.456,0,0,110.54,330.88,0,615.26,249.68,0,0,0,138.56,37.285,186.59,219.6,681.3,92.32,46.067,27.204,65.214,0,71.613,104.49,23.006,103.34,297.94,187.9,86.051,25.053,143.11,133.85,53.839,353.13,47.91,63.25,104.92,25.565,14.728,4.2217,4.8075,827.35,261.54,27.21,16.618,52.064,10.389,114.75,5.1034,54.174,56.285,51.596,26.056,16.801,22.676,144.58,18.828,65.311,723.78,3.1306,4.2857,21.038,71.842,12.796,20.18,27.224,239.68,175.04,231.87,0,2169,29.08,13.207,7731.6,24.167,96.554,376.75,12.655,16.939,12.023,0,11.795,98.747,101.67,29.719,27.084,15.094,60.94,3.8464,28.616,458.11,1035.3,239.47,11.492,0,506.4,0,75.178,0,140.74,0,0,53.919,14.73,53.291,0,185.19,28.321,12.307,0,0,88.887,0.83996,310.25,11.003,57.059,1.0947,0,67.437,196.15,20.661,0.47604,22.59,29.933,8.3829,140.95,661.39,301.68,740.85,646.92,685.37,783.76,699.38,59.039,0,23.622,0,1612.6,0,0,650.44,69.579,8.4829,10.866,48.87,0,0,0,0,49.59,12.886,243.82,117.79,0,0,0,51.339,55.78,448.61,3489.5
52.23,805.6,1117.2,37.165,0,0,97.457,72.558,0,365.9,416.08,0,0,0,94.052,34.214,41.548,48.898,151.7,55.513,76.769,45.334,108.68,0,119.34,62.143,13.682,172.21,179.16,313.13,143.4,41.749,71.886,66.469,26.882,181.95,24.685,32.589,35.396,8.6245,13.787,3.952,4.5004,774.5,205.49,24.968,5.6062,17.564,9.7251,166.05,4.7774,50.713,52.69,47.345,23.909,15.417,20.808,31.704,17.277,59.93,571.1,2.8727,7.142,19.304,119.72,11.742,18.518,24.981,219.94,160.62,212.77,0,1109.9,26.684,12.119,2608.3,22.176,88.6,345.71,11.612,15.544,11.033,25.791,10.824,90.612,93.294,27.271,24.853,13.85,55.92,3.0221,22.484,420.37,230.53,399.07,20.296,0,112.76,0,59.319,0,248.56,0,0,89.854,26.014,88.807,0,308.6,26.017,11.306,0,0,78.37,1.4835,273.54,5.4307,100.77,1.9334,0,34.746,183.62,18.959,0.43682,7.6209,10.098,7.8474,72.625,606.91,276.83,679.81,593.63,628.91,719.19,641.76,46.585,54.866,21.7,0,2333.6,0,0,144.83,15.493,7.4792,9.971,44.844,0,0,0,0,10.874,11.362,54.29,26.228,0,0,30.918,47.11,52.217,99.892,3390
29.81,459.79,637.64,31.608,0,0,81.691,24.55,0,277.11,212.87,0,0,0,53.99,19.527,14.593,17.175,53.284,42.408,39.275,23.193,55.6,0,61.055,47.063,10.362,88.105,136.86,160.2,73.365,21.359,22.377,19.631,8.1446,62.963,8.5424,11.278,7.2499,1.7665,3.7416,1.0725,1.2213,210.19,111.2,14.251,1.1483,3.5976,2.6393,162.75,1.2965,13.763,14.299,27.022,13.646,8.7992,11.876,10.727,9.8608,34.205,72.547,1.6396,3.6539,11.018,61.251,6.7018,10.569,14.258,125.53,91.675,121.44,0,373.75,15.23,6.9171,534.24,12.657,50.568,197.31,6.6277,8.8715,6.297,40.533,6.1775,51.717,53.247,15.565,14.185,7.9051,31.916,1.6354,12.167,239.93,80.97,204.17,18.848,0,39.605,0,7.5353,0,230.83,0,0,45.97,24.159,45.435,0,157.88,22.127,9.6152,0,0,65.692,1.3776,229.29,12.813,93.584,1.7955,0,12.024,49.834,10.821,0.24932,1.5609,2.0683,2.1297,25.132,346.39,158,388,338.81,358.95,410.48,366.28,5.9176,86.225,18.455,0,2287.2,0,0,50.871,5.4417,6.2693,5.691,25.594,0,0,0,0,3.6793,9.5237,19.069,9.2122,0,0,48.59,26.888,14.171,35.085,3072
4.0247,62.078,86.089,19.141,0,0,42.757,0,0,282.05,73.619,0,0,0,11.221,2.6364,0.72186,0.84957,2.6358,43.137,13.583,8.0212,19.229,0,21.115,47.902,10.546,30.47,139.21,55.403,25.373,7.3868,1.5459,0,0.26058,12.9,1.7501,2.3105,3.652,0.88983,0.6103,0.17495,0.19922,34.285,1.7792,1.924,0.57842,1.8122,0.43051,84.101,0.21148,2.2449,2.3324,3.6483,1.8424,1.188,1.6034,0,1.3313,4.6181,0,0.22137,1.2637,1.4876,21.183,0.90483,1.4269,1.925,16.948,12.377,16.396,0,64.005,2.0562,0.93389,269.11,1.7088,6.8273,26.64,0.89482,1.1978,0.85017,16.996,0.83404,6.9824,7.189,2.1014,1.9151,1.0673,4.309,0.026166,0.19467,32.393,4.0053,70.609,16.751,0,1.9591,0,1.202e-11,0,205.14,0,430.76,15.898,21.47,15.713,0,54.603,13.4,5.8227,0,0,34.383,1.2243,120.01,1.0183,83.169,1.5957,0,2.4634,8.1286,1.461,0.033661,0.78628,1.0419,0.34738,5.149,46.767,21.332,52.385,45.744,48.462,55.42,49.453,0,36.155,11.176,43.927,1181.9,0,0,2.5164,0.26918,3.2813,0.76835,3.4555,0,0,0,0,0,4.9847,0.94326,0.45569,0,0,20.374,3.6302,2.3115,1.7355,3256.8
5.1379,79.248,109.9,7.2309,0,0,36.034,0,0,35.498,57.343,0,0,0,13.334,3.3656,0.033699,0.03966,0.12305,6.7446,10.58,6.2478,14.977,0,16.447,6.0288,1.3273,23.734,21.767,43.155,19.763,5.7537,0.40583,0,0,10.16,1.3784,1.8197,3.5349,0.8613,0.93449,0.26788,0.30504,52.497,0.88958,2.4562,0.55987,1.7541,0.65919,4.6935,0.32382,3.4374,3.5714,4.6574,2.352,1.5166,2.0469,0,1.6996,5.8954,0,0.28259,0.98429,1.899,16.5,1.1551,1.8216,2.4574,21.635,15.801,20.93,0,47.053,2.625,1.1922,260.48,2.1814,8.7156,34.008,1.1423,1.529,1.0853,12.994,1.0647,8.9136,9.1774,2.6827,2.4448,1.3625,5.5009,0.013083,0.097333,41.352,0.18698,54.998,10.945,0,0.091458,0,1.202e-11,0,134.04,0,683.93,12.383,14.029,12.239,0,42.531,5.062,2.1996,0,0,28.977,0.79997,101.14,0.14143,54.343,1.0426,0,1.9402,12.446,1.865,0.042971,0.76107,1.0084,0.53191,4.0553,59.702,27.232,66.874,58.396,61.866,70.748,63.13,0,27.642,4.222,69.73,65.959,0,0,0.11747,0.012566,2.7654,0.98086,4.4113,0,0,0,0,0,4.2009,0.044034,0.021273,0,0,15.577,4.6342,3.5394,0.081021,3367.5
2.2258,34.33,47.609,6.1824,0,0,15.245,0,0,13.223,31.771,0,0,0,5.0801,1.458,0,4.1231e-11,1.2738e-09,3.4567,5.8619,3.4616,8.2983,0,9.1126,2.2457,0.49443,13.15,11.156,23.91,10.95,3.1879,4.4489,2.6698,1.3593,19.876,2.6967,3.5601,2.0449,0.49827,1.4641,0.41969,0.47792,82.248,0,1.064,0.32389,1.0147,1.0328,1.2709,0.50734,5.3855,5.5954,2.0176,1.0189,0.65699,0.88671,0,0.73625,2.5539,0,0.12242,0.54535,0.82265,9.1417,0.50039,0.78912,1.0645,9.3725,6.8448,9.0671,0,107.17,1.1371,0.51646,150.69,0.94501,3.7756,14.732,0.49485,0.66239,0.47016,9.2637,0.46124,3.8614,3.9757,1.1621,1.0591,0.59023,2.383,0,0,17.914,0,30.472,11.423,0,5.1792e-10,0,1.202e-11,0,139.89,0,356.26,6.8611,14.641,6.7811,0,23.564,4.328,1.8807,0,0,12.259,0.83489,42.788,1.98,56.715,1.0881,0,3.7958,19.5,0.80794,0.018615,0.44028,0.58339,0.83335,7.9338,25.863,11.797,28.97,25.297,26.801,30.648,27.348,0,19.707,3.6098,178.08,17.86,0,0,7.5919e-10,1.1569e-10,1.1699,0.42491,1.911,0,0,0,0,0,1.7772,0,5.5853e-11,0,0,11.105,2.0076,5.5452,7.2884e-11,3041.3
0.89257,13.767,19.092,3.0635,0,0,9.3288,0,0,13.223,21.017,0,0,0,1.8668,0.58468,0,4.1231e-11,1.2738e-09,3.4567,3.8777,2.2899,5.4894,0,6.0281,2.2457,0.49443,8.6988,11.156,15.817,7.2434,2.1088,1.9324,0.28906,0.40686,13.829,1.8761,2.4769,1.0984,0.26762,0.48619,0.13937,0.15871,27.313,1.7792,0.42669,0.17396,0.54503,0.34296,0.85652,0.16848,1.7884,1.8581,0.80909,0.40859,0.26346,0.35559,0,0.29525,1.0242,0,0.049092,0.36076,0.3299,6.0474,0.20066,0.31645,0.4269,3.7585,2.7449,3.636,0,69.752,0.45601,0.20711,80.937,0.37896,1.5141,5.9079,0.19844,0.26563,0.18854,6.3979,0.18497,1.5485,1.5943,0.46604,0.42472,0.23669,0.95562,0.026166,0.19467,7.1838,0,20.158,5.8926,0,5.1792e-10,0,1.202e-11,0,72.165,0,0,4.5387,7.5528,4.4858,0,15.588,2.1446,0.93192,0,0,7.5018,0.43069,26.184,1.2163,29.257,0.56133,0,2.6408,6.4756,0.324,0.0074649,0.23648,0.31334,0.27674,5.5197,10.371,4.7307,11.617,10.145,10.747,12.29,10.967,0,13.61,1.7887,238.04,12.037,0,0,7.5919e-10,1.1569e-10,0.71593,0.1704,0.76634,0,0,0,0,0,1.0876,0,5.5853e-11,0,0,7.6698,0.80507,1.8415,7.2884e-11,3118.7
0.52955,8.1678,11.327,3.6758,0,0,19.787,0,0,36.796,14.571,0,0,0,2.2588,0.34688,0,4.1231e-11,1.2738e-09,6.9362,2.6884,1.5876,3.8058,0,4.1793,6.2493,1.3759,6.0308,22.385,10.966,5.0219,1.462,1.0203,0,0.061666,11.636,1.5788,2.0843,1.1571,0.28193,0.48619,0.13937,0.15871,27.313,0,0.25315,0.18326,0.57417,0.34296,0.38856,0.16848,1.7884,1.8581,0.48002,0.24241,0.15631,0.21096,0,0.17517,0.60762,0,0.029126,0.25011,0.19572,4.1926,0.11905,0.18775,0.25327,2.2299,1.6285,2.1572,0,56.19,0.27055,0.12288,85.264,0.22483,0.89829,3.5051,0.11773,0.15759,0.11186,6.9387,0.10974,0.91869,0.94588,0.27649,0.25198,0.14043,0.56695,0,0,4.262,0,13.975,3.7869,0,5.1792e-10,0,1.202e-11,0,46.377,0,0,3.1467,4.8538,3.11,0,10.807,2.5732,1.1182,0,0,15.911,0.27679,55.537,2.4891,18.802,0.36074,0,2.2222,6.4756,0.19222,0.0044288,0.24912,0.3301,0.27674,4.6448,6.1533,2.8067,6.8925,6.0186,6.3763,7.2917,6.5066,0,14.761,2.1462,104.5,5.4606,0,0,7.5919e-10,1.1569e-10,1.5185,0.10109,0.45466,0,0,0,0,0,2.3068,0,5.5853e-11,0,0,8.3181,0.47763,1.8415,7.2884e-11,3253.6
0.24012,3.7036,5.1361,5.7183,0,0,15.182,0,0,94.902,8.9727,0,0,0,2.2369,0.15729,0.70501,0.82974,2.5742,15.513,1.6555,0.97763,2.3436,0,2.5736,16.118,3.5486,3.7137,50.064,6.7526,3.0924,0.90031,0,0,0,8.2402,1.118,1.4759,0.95075,0.23166,0.44678,0.12807,0.14584,25.099,0,0.11479,0.15058,0.47178,0.31516,1.9203,0.15482,1.6434,1.7075,0.21766,0.10992,0.070876,0.095659,0,0.079427,0.27552,0,0.013207,0.15402,0.088748,2.5818,0.053982,0.085131,0.11484,1.0111,0.73843,0.97816,0,35.177,0.12268,0.055716,70.06,0.10195,0.40732,1.5893,0.053385,0.071459,0.050721,4.6224,0.049759,0.41657,0.4289,0.12537,0.11426,0.063675,0.25708,0,0,1.9326,3.9118,8.6058,2.0445,0,1.9134,0,1.202e-11,0,25.039,0,0,1.9377,2.6206,1.9151,0,6.655,4.0031,1.7395,0,0,12.208,0.14944,42.612,2.1214,10.151,0.19476,0,1.5736,5.9507,0.087161,0.0020082,0.2047,0.27123,0.25431,3.2891,2.7901,1.2726,3.1253,2.7291,2.8913,3.3064,2.9504,0,9.8333,3.3388,119.34,26.986,0,0,2.4576,0.2629,1.1651,0.04584,0.20616,0,0,0,0,0,1.7699,0.92124,0.44506,0,0,5.5413,0.21658,1.6922,1.695,3633.4
5.5952,86.3,119.68,32.066,0,0,92.668,0,0,97.339,111.87,0,0,0,9.9794,3.6651,0,4.1231e-11,1.2738e-09,15.873,20.641,12.189,29.219,0,32.087,16.532,3.6397,46.302,51.225,84.19,38.556,11.225,0,0,0,4.738,0.64282,0.84864,2.0935,0.51011,0.32241,0.09242,0.10524,18.112,0,2.6747,0.33158,1.0389,0.22743,9.9841,0.11172,1.1859,1.2322,5.0718,2.5613,1.6515,2.229,0,1.8508,6.42,0,0.30774,1.9202,2.068,32.189,1.2579,1.9837,2.6761,23.561,17.207,22.793,0,13.509,2.8586,1.2983,154.27,2.3756,9.4912,37.034,1.244,1.6651,1.1819,0.89304,1.1595,9.7068,9.9941,2.9214,2.6624,1.4837,5.9904,0,0,45.032,0,107.3,3.0112,0,5.1792e-10,0,1.202e-11,0,36.878,0,0,24.159,3.8596,23.877,0,82.973,22.448,9.7545,0,0,74.519,0.22009,260.1,4.667,14.951,0.28685,0,0.90482,4.2941,2.031,0.046794,0.45074,0.59725,0.18351,1.8912,65.015,29.655,72.825,63.592,67.371,77.044,68.748,0,1.8998,18.723,59.791,140.31,0,0,7.5919e-10,1.1569e-10,7.1117,1.0681,4.8039,0,0,0,0,0,10.803,0,5.5853e-11,0,0,1.0706,5.0466,1.2211,7.2884e-11,4050
7.8037,120.36,166.92,14.732,0,0,53.182,70.455,0,91.317,71.079,0,0,0,11.343,5.1118,40.367,47.509,147.39,14.984,13.114,7.7445,18.565,0,20.387,15.509,3.4145,29.419,48.356,53.492,24.497,7.132,1.1121,0,0.096409,11.857,1.6087,2.1238,0.76442,0.18626,0.35468,0.10167,0.11578,19.925,0,3.7305,0.12107,0.37932,0.25019,23.986,0.12291,1.3047,1.3555,7.0738,3.5723,2.3034,3.1089,30.785,2.5813,8.9541,0,0.42921,1.2201,2.8843,20.452,1.7544,2.7667,3.7324,32.861,23.998,31.79,0,57.555,3.9869,1.8107,56.329,3.3132,13.238,51.653,1.735,2.3224,1.6484,0,1.6171,13.538,13.939,4.0745,3.7133,2.0694,8.3549,0,0,62.807,223.98,68.172,1.984,0,109.56,0,1.202e-11,0,24.297,0,0,15.35,2.5429,15.171,0,52.719,10.313,4.4815,0,0,42.766,0.14501,149.27,6.3641,9.8506,0.18899,0,2.2644,4.724,2.8327,0.065265,0.16458,0.21808,0.20188,4.7329,90.677,41.36,101.57,88.693,93.964,107.45,95.885,0,0,8.6018,269.18,337.08,0,0,140.72,15.053,4.0814,1.4898,6.7,0,0,0,0,10.559,6.2,52.748,25.483,0,0,0,7.0386,1.3433,97.053,3857
25.707,396.5,549.87,37.804,0,0,87.759,224.08,0,482.94,222.17,0,0,0,51.692,16.839,126.62,149.02,462.33,72.789,40.991,24.207,58.029,0,63.723,82.02,18.058,91.954,234.91,167.2,76.57,22.292,54.937,50.434,20.467,141.21,19.159,25.293,12.62,3.0748,3.8922,1.1157,1.2705,218.65,160.13,12.289,1.9987,6.2621,2.7455,73.385,1.3487,14.317,14.875,23.303,11.768,7.588,10.241,97.91,8.5035,29.497,309.59,1.4139,3.8135,9.5014,63.927,5.7793,9.1141,12.295,108.25,79.056,104.72,0,857.88,13.134,5.965,929.92,10.915,43.607,170.15,5.7154,7.6504,5.4302,0,5.3272,44.598,45.918,13.422,12.232,6.817,27.523,2.355,17.521,206.9,702.56,213.09,5.5552,0,343.64,0,32.157,0,68.033,0,0,47.979,7.1203,47.419,0,164.78,26.465,11.5,0,0,70.571,0.40603,246.32,5.7136,27.582,0.52919,0,26.967,51.839,9.3315,0.215,2.717,3.6002,2.2154,56.366,298.71,136.25,334.59,292.17,309.54,353.98,315.86,25.253,0,22.073,0,1031.3,0,0,441.39,47.216,6.7349,4.9076,22.071,0,0,0,0,33.583,10.231,165.45,79.932,0,0,0,23.187,14.741,304.43,4050
46.068,710.56,985.4,37.468,0,0,107.85,235.43,0,310.91,335.13,0,0,0,108.41,30.177,133,156.53,485.61,47.397,61.833,36.514,87.533,0,96.122,52.803,11.626,138.71,152.96,252.21,115.5,33.627,120.19,112.16,45.162,298.03,40.434,53.381,70.599,17.202,15.341,4.3976,5.0077,861.81,220.62,22.023,11.182,35.033,10.821,116.16,5.316,56.43,58.63,41.76,21.089,13.598,18.353,102.87,15.239,52.86,512.05,2.5338,5.7525,17.027,96.43,10.357,16.333,22.034,193.99,141.67,187.67,0,1828.1,23.536,10.69,5202.4,19.56,78.147,304.93,10.242,13.71,9.7313,0,9.5467,79.922,82.287,24.054,21.921,12.216,49.323,3.2446,24.139,370.78,737.94,321.43,10.945,0,360.95,0,53.186,0,134.04,0,0,72.373,14.029,71.529,0,248.56,26.229,11.398,0,0,86.724,0.79997,302.7,17.876,54.343,1.0426,0,56.915,204.32,16.723,0.38529,15.2,20.141,8.732,118.96,535.31,244.17,599.61,523.59,554.71,634.35,566.05,41.768,0,21.877,0,1632.5,0,0,463.62,49.594,8.2765,8.7947,39.553,0,0,0,0,35.285,12.573,173.79,83.957,0,0,0,41.552,58.103,319.76,3940
47.784,737.02,1022.1,25.065,0,0,75.631,167.73,0,366.69,336.78,0,0,0,77.539,31.301,94.985,111.79,346.82,55.63,62.137,36.694,87.964,0,96.595,62.277,13.711,139.39,179.53,253.45,116.07,33.792,89.998,83.603,33.736,225.47,30.591,40.386,33.973,8.2777,13.754,3.9426,4.4896,772.65,452.8,22.843,5.3807,16.858,9.7019,201.32,4.766,50.592,52.564,43.315,21.874,14.105,19.036,73.291,15.806,54.829,739.81,2.6282,5.7808,17.661,96.904,10.743,16.941,22.854,201.21,146.95,194.66,0,1379.2,24.413,11.088,2503.4,20.288,81.058,316.28,10.624,14.221,10.094,25.791,9.9022,82.899,85.352,24.95,22.738,12.671,51.159,6.6592,49.543,384.59,527.03,323.01,12.247,0,257.79,0,76.843,0,149.99,0,0,72.729,15.698,71.882,0,249.79,17.547,7.6248,0,0,60.819,0.89517,212.28,24.636,60.81,1.1667,0,43.059,183.19,17.345,0.39964,7.3144,9.6918,7.8287,89.999,555.24,253.26,621.95,543.1,575.37,657.97,587.13,60.346,54.866,14.635,0,2829.2,0,0,331.11,35.42,5.8042,9.1223,41.026,0,0,0,0,25.138,8.8172,124.12,59.962,0,0,30.918,43.1,52.092,228.37,4062
34.313,529.24,733.95,16.394,0,0,37.972,7.9015,0,340.22,150.92,0,0,0,47.241,22.477,5.2455,6.1735,19.153,51.723,27.845,16.444,39.419,0,43.287,57.781,12.722,62.465,166.92,113.58,52.014,15.143,13.677,11.4,4.8517,42.053,5.7055,7.5324,4.9359,1.2027,3.2606,0.93466,1.0643,183.17,58.713,16.403,0.78177,2.4493,2.3,224.15,1.1299,11.994,12.461,31.104,15.707,10.128,13.67,3.4526,11.35,39.371,176.31,1.8873,2.5905,12.682,43.425,7.7141,12.165,16.411,144.49,105.52,139.78,0,244.38,17.53,7.9619,363.72,14.568,58.206,227.12,7.6287,10.211,7.2481,40.533,7.1106,59.528,61.29,17.916,16.327,9.0991,36.737,0.86348,6.424,276.16,29.105,144.75,12.774,0,14.236,0,18.313,0,156.44,0,800.49,32.592,16.373,32.212,0,111.94,11.477,4.9871,0,0,30.535,0.93366,106.58,26.644,63.425,1.2169,0,8.031,43.427,12.455,0.28697,1.0627,1.4081,1.8559,16.786,398.71,181.86,446.61,389.99,413.16,472.48,421.61,14.382,86.225,9.5722,0,3150,0,0,18.286,1.956,2.9141,6.5505,29.46,0,0,0,0,1.1842,4.4269,6.8543,3.3114,0,0,48.59,30.949,12.349,12.612,3453.3
9.9299,153.16,212.4,8.5153,0,0,24.954,7.404,0,72.018,61.19,0,0,0,17.56,6.5046,4.9661,5.8447,18.133,12.135,11.29,6.667,15.982,0,17.551,12.231,2.6929,25.326,39.163,46.05,21.089,6.1397,6.2157,4.3412,2.0279,24.122,3.2727,4.3207,3.5349,0.8613,1.3301,0.38128,0.43418,74.721,32.915,4.747,0.55987,1.7541,0.93825,104.87,0.46091,4.8926,5.0833,9.0012,4.5456,2.931,3.9559,3.2352,3.2847,11.394,7.5921,0.54616,1.0503,3.6701,17.607,2.2324,3.5205,4.7493,41.814,30.537,40.451,0,133.44,5.0732,2.3041,260.48,4.216,16.844,65.726,2.2077,2.9551,2.0975,16.996,2.0578,17.227,17.737,5.1847,4.725,2.6332,10.631,0.48407,3.6014,79.92,27.555,58.688,10.764,0,13.478,0,0.78858,0,131.83,0,1336.8,13.214,13.797,13.06,0,45.384,5.9611,2.5904,0,0,20.067,0.78678,70.041,28.285,53.447,1.0254,0,4.6066,17.715,3.6045,0.083048,0.76107,1.0084,0.75709,9.6286,115.38,52.629,129.24,112.86,119.57,136.73,122.01,0.61929,36.155,4.9719,76.257,1473.8,0,0,17.312,1.8519,1.9151,1.8957,8.5256,0,0,0,0,1.1096,2.9092,6.4893,3.135,0,0,20.374,8.9564,5.0377,11.94,3811.2
6.6531,102.62,142.31,6.6944,0,0,30.756,0,0,36.009,65.383,0,0,0,14,4.3582,0,4.1231e-11,1.2738e-09,6.82,12.063,7.1238,17.077,0,18.753,6.1156,1.3464,27.061,22.01,49.205,22.534,6.5604,1.1474,0,0.10977,11.942,1.6202,2.139,2.9284,0.71353,4.0727,1.1674,1.3294,228.79,11.565,3.1805,0.46381,1.4531,2.8728,24.796,1.4113,14.981,15.565,6.0309,3.0456,1.9638,2.6505,0,2.2008,7.634,0,0.36593,1.1223,2.459,18.813,1.4957,2.3588,3.1821,28.016,20.46,27.103,0,58.08,3.3991,1.5438,215.79,2.8248,11.286,44.037,1.4792,1.98,1.4054,12.994,1.3787,11.542,11.884,3.4738,3.1658,1.7643,7.1231,0.17008,1.2654,53.547,0,62.709,17.257,0,5.1792e-10,0,1.202e-11,0,211.34,0,2159,14.12,22.119,13.955,0,48.494,4.6864,2.0364,0,0,24.732,1.2613,86.324,19.008,85.682,1.6439,0,2.2806,54.243,2.415,0.055643,0.63049,0.83542,2.3181,4.7667,77.308,35.262,86.595,75.617,80.111,91.612,81.748,0,27.642,3.9088,89.812,348.46,0,0,7.5919e-10,1.1569e-10,2.3603,1.2701,5.7122,0,0,0,0,0,3.5855,0,5.5853e-11,0,0,15.577,6.0009,15.425,7.2884e-11,3710
1.539,23.738,32.919,4.6608,0,0,21.991,0.89738,0,29.611,29.995,0,0,0,2.3462,1.0081,1.3129,1.5452,4.794,5.8757,5.5342,3.2681,7.8344,0,8.6032,5.029,1.1072,12.415,18.962,22.573,10.338,3.0097,3.7545,2.0129,1.0965,18.208,2.4703,3.2612,0.9781,0.23832,0.36061,0.10337,0.11771,20.258,0,0.73571,0.15492,0.48535,0.25437,5.1818,0.12496,1.3265,1.3782,1.3951,0.7045,0.45427,0.61311,0.39211,0.50908,1.7659,1.6871,0.084647,0.51486,0.56882,8.6307,0.34599,0.54563,0.73608,6.4806,4.7328,6.2694,0,96.845,0.78627,0.3571,72.075,0.65342,2.6106,10.187,0.34216,0.458,0.32509,9.2637,0.31892,2.6699,2.749,0.80356,0.73232,0.40811,1.6477,0,0,12.386,7.2849,28.768,12.099,0,3.5633,0,0.17524,0,148.17,0,857.3,6.4775,15.507,6.4021,0,22.247,3.2628,1.4178,0,0,17.684,0.8843,61.725,3.5073,60.072,1.1525,0,3.4771,4.8029,0.55865,0.012871,0.21059,0.27904,0.20526,7.2677,17.883,8.1568,20.031,17.492,18.531,21.192,18.91,0.13762,19.707,2.7214,297.55,72.821,0,0,4.5768,0.48959,1.6877,0.2938,1.3213,0,0,0,0,0.13449,2.5638,1.7156,0.82882,0,0,11.105,1.3881,1.3658,3.1566,4001.6
0.59084,9.1131,12.638,2.419,0,0,12.501,0,0,10.821,15.059,0,0,0,3.3743,0.38703,0,4.1231e-11,1.2738e-09,3.1022,2.7785,1.6408,3.9333,0,4.3192,1.8378,0.40462,6.2328,10.012,11.333,5.19,1.511,0.36703,0,0,10.066,1.3657,1.803,1.323,0.32237,0.65374,0.1874,0.2134,36.725,0,0.28245,0.20955,0.65652,0.46114,0.13787,0.22653,2.4047,2.4984,0.53558,0.27047,0.1744,0.23538,0,0.19544,0.67794,0,0.032497,0.25849,0.21838,4.333,0.13283,0.20948,0.28259,2.488,1.817,2.4069,0,46.476,0.30186,0.1371,97.494,0.25086,1.0023,3.9108,0.13136,0.17583,0.12481,6.3979,0.12244,1.025,1.0554,0.3085,0.28114,0.15668,0.63257,0,0,4.7553,0,14.443,3.9976,0,5.1792e-10,0,1.202e-11,0,48.958,0,1189.2,3.2521,5.1239,3.2142,0,11.169,1.6934,0.73586,0,0,10.053,0.29219,35.088,9.3058,19.849,0.38082,0,1.9224,8.7071,0.21447,0.0049414,0.28486,0.37744,0.37211,4.0181,6.8654,3.1315,7.6902,6.7152,7.1143,8.1357,7.2597,0,13.61,1.4124,231.15,1.9375,0,0,7.5919e-10,1.1569e-10,0.95938,0.11279,0.50728,0,0,0,0,0,1.4574,0,5.5853e-11,0,0,7.6698,0.53292,2.476,7.2884e-11,3718.8
1.0106,15.587,21.616,3.9856,0,0,32.123,0,0,47.727,8.7754,0,0,0,5.4211,0.66198,0.12947,0.15238,0.47276,8.5497,1.6191,0.95613,2.2921,0,2.517,8.1057,1.7846,3.6321,27.592,6.6041,3.0244,0.88051,0.11745,0,0,9.4666,1.2844,1.6956,1.6366,0.39877,1.282,0.3675,0.41848,72.02,0,0.4831,0.25921,0.81212,0.90433,0.29297,0.44425,4.7158,4.8996,0.91605,0.4626,0.29829,0.40259,0,0.33428,1.1596,0,0.055583,0.15063,0.37351,2.525,0.22719,0.35829,0.48334,4.2554,3.1078,4.1167,0,42.765,0.5163,0.23449,120.6,0.42906,1.7143,6.689,0.22468,0.30074,0.21347,6.9387,0.20942,1.7532,1.8051,0.52765,0.48087,0.26798,1.082,0,0,8.1335,0.7184,8.4166,6.1878,0,0.35139,0,1.202e-11,0,75.781,0,1253.4,1.8951,7.9312,1.873,0,6.5087,2.7901,1.2124,0,0,25.832,0.45227,90.163,4.3842,30.723,0.58946,0,1.8078,17.075,0.36683,0.0084518,0.35237,0.4669,0.72972,3.7787,11.743,5.3561,13.153,11.486,12.168,13.915,12.417,0,14.761,2.3271,86.052,4.1172,0,0,0.45135,0.048281,2.4653,0.19292,0.86765,0,0,0,0,0,3.745,0.16918,0.081734,0,0,8.3181,0.9115,4.8556,0.31129,4217.9
1.4368,22.161,30.733,9.6474,0,0,57.853,0,0,82.871,42.358,0,0,0,11.056,0.94118,0,4.1231e-11,1.2738e-09,13.737,7.8152,4.6151,11.064,0,12.149,14.074,3.0987,17.532,44.333,31.877,14.599,4.2501,3.961,2.2082,1.1746,18.704,2.5376,3.3501,3.8618,0.94095,1.4183,0.40656,0.46297,79.676,0,0.68686,0.61164,1.9163,1.0005,0.79675,0.49147,5.2171,5.4204,1.3024,0.65772,0.4241,0.5724,0,0.47527,1.6486,0,0.079026,0.72707,0.53104,12.188,0.32301,0.5094,0.6872,6.0502,4.4185,5.8531,0,99.915,0.73406,0.33339,284.57,0.61003,2.4373,9.5102,0.31944,0.42759,0.3035,4.6224,0.29774,2.4926,2.5664,0.7502,0.68369,0.38101,1.5383,0,0,11.564,0,40.626,3.7376,0,5.1792e-10,0,1.202e-11,0,45.773,0,0,9.1474,4.7906,9.0408,0,31.417,6.7536,2.9347,0,0,46.522,0.27318,162.38,2.4608,18.557,0.35604,0,3.5719,18.89,0.52155,0.012017,0.83145,1.1017,0.80729,7.4657,16.695,7.6152,18.701,16.33,17.301,19.784,17.654,0,9.8333,5.633,190.43,11.197,0,0,7.5919e-10,1.1569e-10,4.4398,0.27429,1.2336,0,0,0,0,0,6.7446,0,5.5853e-11,0,0,5.5413,1.2959,5.3718,7.2884e-11,4610
2.0694,31.919,44.265,21.495,0,0,83.736,13.564,0,173.37,74.224,0,0,0,5.1835,1.3556,8.4247,9.9151,30.761,27.095,13.695,8.0871,19.387,0,21.289,29.444,6.4826,30.721,87.443,55.859,25.581,7.4475,0,0,0,6.6811,0.90644,1.1967,2.1702,0.52879,0.20323,0.058258,0.06634,11.417,0,0.98928,0.34373,1.0769,0.14336,12.424,0.070425,0.74757,0.77671,1.8759,0.94731,0.61084,0.82443,5.9267,0.68454,2.3745,0,0.11382,1.274,0.76487,21.357,0.46524,0.73369,0.98977,8.7142,6.3641,8.4302,0,25.531,1.0573,0.48019,159.92,0.87863,3.5104,13.698,0.46009,0.61586,0.43714,0.89304,0.42884,3.5902,3.6964,1.0805,0.98472,0.54877,2.2156,0,0,16.656,46.745,71.189,2.4129,0,22.864,0,1.202e-11,0,29.55,0,0,16.029,3.0927,15.842,0,55.052,15.048,6.5388,0,0,67.337,0.17636,235.03,4.7802,11.98,0.22985,0,1.2759,2.7068,0.75119,0.017307,0.46725,0.61912,0.11568,2.6668,24.046,10.968,26.935,23.52,24.918,28.495,25.427,0,1.8998,12.551,0,174.6,0,0,29.368,3.1416,6.4262,0.39507,1.7768,0,0,0,0,2.0328,9.7621,11.009,5.3183,0,0,1.0706,1.8666,0.76974,20.255,4738
11.497,177.33,245.92,37.175,0,0,99.206,107.24,0,283.99,197.26,0,0,0,13.856,7.5311,61.023,71.819,222.82,43.423,36.395,21.493,51.522,0,56.578,48.231,10.619,81.644,140.14,148.45,67.985,19.793,6.2507,4.3743,2.0412,24.206,3.2841,4.3357,3.8354,0.93454,0.50946,0.14604,0.1663,28.62,0,5.4961,0.60747,1.9032,0.35937,30.84,0.17654,1.874,1.947,10.422,5.2629,3.3936,4.5802,46.86,3.803,13.192,0,0.63235,3.386,4.2493,56.759,2.5847,4.0761,5.4988,48.413,35.356,46.835,0,133.96,5.8738,2.6677,282.63,4.8813,19.503,76.099,2.5561,3.4215,2.4286,0,2.3825,19.946,20.536,6.0029,5.4707,3.0488,12.309,0,0,92.533,338.59,189.19,3.6824,0,165.61,0,1.202e-11,0,45.098,0,0,42.599,4.72,42.103,0,146.31,26.024,11.309,0,0,79.777,0.26915,278.45,5.5156,18.284,0.35079,0,4.6227,6.7855,4.1733,0.096154,0.82579,1.0942,0.28998,9.6622,133.59,60.935,149.64,130.67,138.44,158.31,141.27,0,0,21.706,6.8457,433.4,0,0,212.72,22.755,7.6134,2.1948,9.871,0,0,0,0,16.073,11.566,79.739,38.522,0,0,0,10.37,1.9296,146.72,4473.4
23.366,360.39,499.79,31.961,0,0,85.24,279.65,0,383.63,226.99,0,0,0,54.429,15.306,157.82,185.74,576.26,58.13,41.881,24.732,59.288,0,65.105,65.154,14.345,93.949,187.6,170.83,78.231,22.776,62.473,57.563,23.319,159.32,21.616,28.537,45.271,11.031,8.434,2.4177,2.7531,473.8,110.31,11.17,7.1703,22.465,5.9494,102.7,2.9226,31.024,32.233,21.18,10.696,6.8969,9.3085,122.19,7.729,26.81,253.91,1.2851,3.8963,8.636,65.314,5.253,8.284,11.175,98.391,71.856,95.184,0,969.93,11.938,5.4217,3336,9.9205,39.636,154.66,5.1949,6.9536,4.9356,0,4.842,40.536,41.736,12.2,11.118,6.1961,25.016,1.6223,12.069,188.06,875.69,217.71,4.5947,0,428.33,0,26.373,0,56.27,0,0,49.019,5.8892,48.448,0,168.36,22.374,9.7225,0,0,68.546,0.33583,239.25,6.5621,22.813,0.43769,0,30.426,112.33,8.4816,0.19542,9.7471,12.915,4.8006,63.595,271.5,123.84,304.12,265.56,281.35,321.74,287.1,20.711,0,18.662,0,1443.3,0,0,550.16,58.852,6.5416,4.4606,20.061,0,0,0,0,41.912,9.9374,206.23,99.63,0,0,0,21.075,31.944,379.45,5020
64.166,989.69,1372.5,39.256,0,0,113.3,417.9,0,417.44,295.68,0,0,0,144.27,42.032,235.45,277.1,859.7,63.121,54.554,32.216,77.229,0,84.807,70.896,15.609,122.38,203.71,222.52,101.91,29.668,146.19,136.76,55.003,360.51,48.912,64.573,137.46,33.492,19.223,5.5104,6.2749,1079.9,323.81,30.674,21.771,68.208,13.56,192.96,6.6613,70.71,73.467,58.164,29.373,18.94,25.563,182.6,21.225,73.625,965.04,3.5292,5.0753,23.716,85.078,14.425,22.749,30.689,270.2,197.33,261.39,0,2214.7,32.782,14.889,10129,27.243,108.85,424.71,14.266,19.096,13.554,0,13.297,111.32,114.61,33.503,30.533,17.016,68.698,4.7622,35.429,516.43,1306.4,283.59,13.092,0,639,0,100.24,0,160.33,0,0,63.853,16.78,63.109,0,219.3,27.481,11.942,0,0,91.114,0.95688,318.02,26.305,65.002,1.2471,0,68.847,256.03,23.292,0.53664,29.595,39.214,10.942,143.9,745.59,340.08,835.16,729.28,772.62,883.54,788.41,78.718,0,22.921,0,2711.7,0,0,820.76,87.798,8.6954,12.25,55.091,0,0,0,0,62.632,13.209,307.66,148.63,0,0,0,57.875,72.807,566.08,5020
69.654,1074.3,1489.9,37.686,0,0,109.33,167.47,0,310.04,406.14,0,0,0,129.95,45.627,94.835,111.61,346.28,47.268,74.935,44.251,106.08,0,116.49,52.656,11.593,168.1,152.55,305.65,139.97,40.752,99.736,92.816,37.422,248.88,33.766,44.577,47.464,11.565,6.6977,1.9199,2.1863,376.26,360.28,33.298,7.5176,23.553,4.7246,298.76,2.3209,24.637,25.597,63.139,31.885,20.56,27.749,73.174,23.041,79.923,985.29,3.8311,6.9714,25.744,116.86,15.659,24.695,33.314,293.31,214.21,283.75,0,1524,35.586,16.162,3497.6,29.574,118.16,461.04,15.486,20.729,14.713,25.791,14.434,120.84,124.42,36.369,33.144,18.471,74.574,5.2985,39.42,560.61,526.2,389.53,20.943,0,257.38,0,102.34,0,256.48,0,0,87.708,26.843,86.686,0,301.23,26.382,11.464,0,0,87.916,1.5307,306.86,24.127,103.98,1.995,0,47.528,89.207,25.284,0.58255,10.219,13.541,3.8123,99.341,809.37,369.17,906.6,791.66,838.71,959.12,855.85,80.37,54.866,22.004,0,4198.5,0,0,330.59,35.364,8.3902,13.297,59.803,0,0,0,0,25.098,12.746,123.92,59.867,0,0,30.918,62.826,25.368,228.01,5230
47.153,727.29,1008.6,37.883,0,0,115.71,38.038,0,561.89,228.21,0,0,0,69.426,30.888,22.166,26.088,80.936,84.442,42.106,24.865,59.606,0,65.455,95.429,21.01,94.454,272.52,171.74,78.652,22.898,32.394,29.107,11.935,87.035,11.808,15.589,13.718,3.3426,6.4188,1.84,2.0953,360.59,265.1,22.541,2.1728,6.8074,4.5278,328.36,2.2243,23.611,24.531,42.743,21.585,13.918,18.785,16.621,15.598,54.105,479.15,2.5935,3.9172,17.428,65.665,10.601,16.718,22.552,198.56,145.01,192.09,0,522.68,24.091,10.941,1010.9,20.02,79.987,312.11,10.483,14.033,9.9604,40.533,9.7714,81.804,84.225,24.62,22.437,12.504,50.484,3.8987,29.006,379.51,122.99,218.88,23.291,0,60.158,0,49.768,0,285.24,0,0,49.283,29.853,48.709,0,169.26,26.52,11.524,0,0,93.05,1.7024,324.78,21.468,115.64,2.2187,0,16.621,85.492,17.116,0.39436,2.9536,3.9137,3.6536,34.741,547.91,249.92,613.73,535.92,567.77,649.28,579.38,39.084,86.225,22.119,105.51,4614.6,0,0,77.27,8.2657,8.8802,9.0018,40.484,0,0,0,0,5.7008,13.49,28.964,13.993,0,0,48.59,42.53,24.311,53.293,4697.6
8.9276,137.7,190.96,12.6,0,0,39.241,0.89738,0,59.681,109.75,0,0,0,14,5.848,1.3129,1.5452,4.794,10.314,20.249,11.958,28.666,0,31.479,10.136,2.2316,45.425,33.286,82.594,37.825,11.012,1.4813,0,0.23612,12.744,1.7291,2.2827,2.5049,0.61033,1.2096,0.34675,0.39486,67.954,27.577,4.2678,0.39673,1.243,0.85328,111.17,0.41917,4.4495,4.623,8.0926,4.0867,2.6352,3.5566,0.39211,2.9531,10.244,29.525,0.49103,1.8838,3.2997,31.579,2.0071,3.1652,4.2699,37.593,27.455,36.368,0,63.044,4.5611,2.0715,184.58,3.7904,15.144,59.092,1.9849,2.6568,1.8858,16.996,1.85,15.488,15.946,4.6614,4.2481,2.3674,9.5582,0.40557,3.0173,71.853,7.2849,105.26,13.6,0,3.5633,0,3.0667,0,166.56,0,798.24,23.701,17.432,23.425,0,81.401,8.8206,3.8329,0,0,31.555,0.99406,110.14,11.314,67.528,1.2956,0,2.4338,16.111,3.2406,0.074665,0.5393,0.7146,0.68852,5.087,103.74,47.317,116.2,101.47,107.5,122.93,109.69,2.4084,36.155,7.3569,107.66,1562.3,0,0,4.5768,0.48959,3.0115,1.7043,7.665,0,0,0,0,0.13449,4.5747,1.7156,0.82882,0,0,20.374,8.0524,4.5815,3.1566,5020
5.5564,85.701,118.85,8.1655,0,0,39.768,5.4613,0,52.582,54.075,0,0,0,12.492,3.6397,3.8754,4.561,14.15,9.2663,9.9771,5.8918,14.124,0,15.51,8.9303,1.9661,22.381,29.905,40.695,18.637,5.4258,0,0,0,7.2529,0.98403,1.2991,2.2633,0.55147,1.6954,0.48598,0.55341,95.24,0,2.6562,0.35847,1.1231,1.1959,26.599,0.58748,6.2362,6.4793,5.0367,2.5435,1.6401,2.2136,2.3863,1.838,6.3755,17.715,0.30561,0.92819,2.0536,15.559,1.2492,1.9699,2.6575,23.397,17.087,22.635,0,29.069,2.8387,1.2893,166.78,2.3591,9.4254,36.778,1.2353,1.6536,1.1737,12.994,1.1514,9.6395,9.9248,2.9011,2.6439,1.4734,5.9488,0,0,44.72,21.503,51.864,13.88,0,10.518,0,1.84,0,169.98,0,1541.7,11.678,17.79,11.542,0,40.107,5.7162,2.4839,0,0,31.979,1.0145,111.62,21.214,68.914,1.3222,0,1.3851,22.58,2.0169,0.04647,0.4873,0.64568,0.96499,2.8951,64.564,29.449,72.32,63.151,66.904,76.509,68.272,1.445,27.642,4.7677,233.61,373.81,0,0,13.51,1.4451,3.0519,1.0607,4.7705,0,0,0,0,0.81849,4.6362,5.064,2.4465,0,0,15.577,5.0116,6.4211,9.3175,4444.6
1.3106,20.214,28.033,8.3395,0,0,18.33,0,0,24.193,31.478,0,0,0,2.2952,0.85849,0,4.1231e-11,1.2738e-09,5.0759,5.8078,3.4297,8.2218,0,9.0285,4.1088,0.90462,13.028,16.381,23.689,10.849,3.1585,2.0862,0.43457,0.46507,14.198,1.9263,2.5431,1.849,0.45052,0.36018,0.10325,0.11757,20.234,1.7792,0.62651,0.29285,0.9175,0.25407,5.7978,0.12481,1.3249,1.3765,1.188,0.59993,0.38685,0.52211,0,0.43352,1.5038,0,0.072083,0.54032,0.48439,9.0574,0.29464,0.46465,0.62682,5.5187,4.0304,5.3388,0,72.039,0.66957,0.3041,136.25,0.55644,2.2232,8.6747,0.29138,0.39002,0.27684,9.2637,0.27159,2.2737,2.3409,0.68429,0.62362,0.34754,1.4031,0.026166,0.19467,10.548,0,30.191,14.595,0,5.1792e-10,0,1.202e-11,0,178.74,0,654.23,6.7978,18.707,6.7186,0,23.347,5.838,2.5369,0,0,14.74,1.0668,51.447,5.7419,72.466,1.3903,0,2.7114,4.7972,0.47573,0.010961,0.39809,0.52749,0.20502,5.6673,15.229,6.9462,17.058,14.895,15.781,18.046,16.103,0,19.707,4.8693,224.01,81.478,0,0,7.5919e-10,1.1569e-10,1.4067,0.2502,1.1252,0,0,0,0,0,2.1369,0,5.5853e-11,0,0,11.105,1.1821,1.3642,7.2884e-11,4620
0.7245,11.175,15.497,1.3862,0,0,5.9834,0,0,11.266,8.45,0,0,0,1.4281,0.47459,0.48331,0.56882,1.7647,3.1679,1.5591,0.92067,2.2071,0,2.4236,1.9134,0.42126,3.4974,10.223,6.3592,2.9123,0.84786,1.7878,0.15226,0.35214,13.481,1.829,2.4146,0.80828,0.19694,0.39988,0.11463,0.13053,22.464,0,0.34634,0.12802,0.40108,0.28207,0.47995,0.13857,1.4709,1.5282,0.65674,0.33165,0.21385,0.28863,0,0.23965,0.83131,0,0.039848,0.14504,0.26778,2.4314,0.16288,0.25686,0.34652,3.0508,2.228,2.9514,0,67.602,0.37015,0.16811,59.561,0.30761,1.229,4.7955,0.16108,0.21561,0.15304,6.3979,0.15014,1.2569,1.2941,0.37828,0.34475,0.19212,0.77568,0,0,5.8311,2.6817,8.1045,2.1968,0,1.3117,0,1.202e-11,0,26.904,0,0,1.8248,2.8158,1.8035,0,6.2673,0.97041,0.42168,0,0,4.8115,0.16057,16.794,1.4991,10.908,0.20927,0,2.5745,5.3259,0.26299,0.0060593,0.17402,0.23059,0.22761,5.381,8.4186,3.8399,9.4299,8.2344,8.7237,9.9762,8.902,0,13.61,0.80938,477.47,6.7449,0,0,1.6848,0.18023,0.45918,0.13831,0.62204,0,0,0,0,0,0.69755,0.63155,0.3051,0,0,7.6698,0.65347,1.5145,1.162,4766
0.66835,10.309,14.296,3.0532,0,0,40.709,0,0,34.824,12.394,0,0,0,2.0752,0.43781,0,4.1231e-11,1.2738e-09,6.6451,2.2867,1.3504,3.2372,0,3.5549,5.9143,1.3021,5.1298,21.446,9.3273,4.2716,1.2436,1.2486,0,0.14805,12.185,1.6532,2.1825,0.79373,0.1934,0.29571,0.084766,0.096527,16.612,0,0.3195,0.12571,0.39386,0.20859,0.42734,0.10247,1.0877,1.1301,0.60584,0.30595,0.19728,0.26626,0,0.22108,0.76688,0,0.03676,0.21274,0.24702,3.5662,0.15026,0.23696,0.31966,2.8144,2.0554,2.7227,0,59.584,0.34146,0.15508,58.489,0.28377,1.1337,4.4238,0.14859,0.1989,0.14118,6.9387,0.1385,1.1595,1.1938,0.34897,0.31803,0.17723,0.71556,0,0,5.3792,0,11.887,3.3748,0,5.1792e-10,0,1.202e-11,0,41.33,0,0,2.6765,4.3256,2.6453,0,9.1926,2.1374,0.92878,0,0,32.736,0.24666,114.26,2.5457,16.756,0.32148,0,2.327,3.9385,0.24261,0.0055897,0.17089,0.22644,0.16832,4.8638,7.7661,3.5423,8.6991,7.5962,8.0476,9.203,8.2121,0,14.761,1.7827,188.04,6.0055,0,0,7.5919e-10,1.1569e-10,3.1241,0.12759,0.57383,0,0,0,0,0,4.7459,0,5.5853e-11,0,0,8.3181,0.60283,1.12,7.2884e-11,3854
1.3041,20.114,27.894,3.3669,0,0,10.982,0,0,74.572,0.50672,0,0,0,2.6777,0.85424,0,4.1231e-11,1.2738e-09,12.512,0.093492,0.05521,0.13235,0,0.14534,12.665,2.7884,0.20973,40.38,0.38134,0.17464,0.050844,0,0,0,6.3714,0.86443,1.1412,0.97684,0.23801,0.58697,0.16826,0.1916,32.974,0,0.62341,0.15472,0.48472,0.41404,0.67112,0.2034,2.1591,2.2433,1.1821,0.59696,0.38493,0.51952,0,0.43137,1.4963,0,0.071726,0.0086978,0.48199,0.1458,0.29318,0.46234,0.62372,5.4913,4.0104,5.3124,0,23.615,0.66625,0.30259,71.982,0.55368,2.2121,8.6317,0.28993,0.38809,0.27547,4.6224,0.27024,2.2624,2.3293,0.6809,0.62053,0.34582,1.3962,0,0,10.496,0,0.486,0.75343,0,5.1792e-10,0,1.202e-11,0,9.2271,0,0,0.10943,0.96571,0.10815,0,0.37583,2.357,1.0242,0,0,8.8312,0.055069,30.824,4.1013,3.7409,0.071772,0,1.2168,7.8177,0.47337,0.010906,0.21032,0.27868,0.3341,2.5432,15.153,6.9117,16.973,14.822,15.702,17.957,16.023,0,9.8333,1.9659,133.17,9.4315,0,0,7.5919e-10,1.1569e-10,0.8428,0.24895,1.1196,0,0,0,0,0,1.2803,0,5.5853e-11,0,0,5.5413,1.1762,2.2231,7.2884e-11,4228
2.7937,43.091,59.758,15.197,0,0,77.879,0,0,132.66,34.799,0,0,0,7.1793,1.8301,0,4.1231e-11,1.2738e-09,21.086,6.4206,3.7915,9.0892,0,9.9811,22.53,4.9604,14.403,68.05,26.189,11.993,3.4917,0,0,0,7.6443,1.0371,1.3692,1.762,0.42933,0.86411,0.2477,0.28207,48.543,2.6688,1.3355,0.27907,0.87434,0.60954,9.8888,0.29943,3.1785,3.3024,2.5324,1.2789,0.82464,1.113,0,0.92413,3.2056,2.5307,0.15366,0.59732,1.0326,10.013,0.62808,0.99049,1.3362,11.764,8.5915,11.381,0,31.49,1.4273,0.64825,129.84,1.1862,4.7391,18.492,0.62113,0.83142,0.59014,0.89304,0.57894,4.8468,4.9902,1.4587,1.3294,0.74085,2.9911,0.039249,0.292,22.485,0,33.376,1.8296,0,5.1792e-10,0,0.26286,0,22.407,0,0,7.515,2.3451,7.4274,0,25.81,10.639,4.6229,0,0,62.627,0.13373,218.59,3.6488,9.0843,0.17429,0,1.4598,11.509,1.0141,0.023365,0.37937,0.50267,0.49185,3.0513,32.463,14.807,36.363,31.753,33.64,38.469,34.327,0.20643,1.8998,8.8733,224.45,138.97,0,0,7.5919e-10,1.1569e-10,5.9767,0.53334,2.3986,0,0,0,0,0,9.0793,0,5.5853e-11,0,0,1.0706,2.5199,3.2728,7.2884e-11,4359
7.7396,119.38,165.55,23.028,0,0,81.367,96.266,0,159.72,119.87,0,0,0,12.168,5.0699,54.859,64.564,200.31,25.08,22.117,13.061,31.309,0,34.381,27.126,5.9722,49.613,80.941,90.21,41.313,12.028,5.7563,3.9067,1.8541,23.018,3.123,4.1229,1.9824,0.48302,0.69557,0.19939,0.22705,39.075,0,3.6999,0.31398,0.9837,0.49065,50.095,0.24103,2.5586,2.6583,7.0157,3.5429,2.2845,3.0833,42.064,2.5602,8.8806,16.028,0.42569,2.0576,2.8606,34.491,1.74,2.744,3.7017,32.591,23.801,31.529,0,126.61,3.9542,1.7959,146.08,3.2861,13.129,51.229,1.7207,2.3033,1.6349,0,1.6039,13.427,13.825,4.0411,3.6828,2.0524,8.2863,0,0,62.292,304.39,114.97,2.6037,0,148.89,0,1.6648,0,31.887,0,96.588,25.886,3.3373,25.585,0,88.907,16.121,7.0051,0,0,65.431,0.19031,228.38,6.6187,12.928,0.24803,0,4.3958,9.2642,2.8094,0.06473,0.42681,0.56554,0.39592,9.188,89.933,41.021,100.74,87.965,93.193,106.57,95.098,1.3074,0,13.446,0,704,0,0,191.24,20.457,6.2444,1.4775,6.645,0,0,0,0,14.428,9.4859,71.685,34.631,0,0,0,6.9809,2.6344,131.9,3925.9
30.546,471.14,653.37,26.452,0,0,71.748,177.78,0,337.66,185.56,0,0,0,61.528,20.009,100.63,118.43,367.43,51.345,34.237,20.218,48.467,0,53.222,57.347,12.626,76.802,165.7,139.65,63.953,18.619,51.012,46.721,18.982,131.78,17.879,23.604,29.456,7.1773,8.434,2.4177,2.7531,473.8,112.98,14.602,4.6654,14.617,5.9494,112.56,2.9226,31.024,32.233,27.689,13.983,9.0163,12.169,77.682,10.104,35.049,400.7,1.6801,3.1851,11.29,53.393,6.8672,10.83,14.609,128.63,93.936,124.43,0,799.52,15.606,7.0877,2170.6,12.969,51.816,202.18,6.7912,9.0904,6.4523,0,6.3299,52.992,54.561,15.949,14.535,8.1001,32.703,1.6616,12.362,245.84,558.34,177.97,4.7128,0,273.1,0,41.62,0,57.717,0,19.351,40.072,6.0407,39.606,0,137.63,18.518,8.0467,0,0,57.696,0.34447,201.38,17.226,23.4,0.44895,0,25.166,112.33,11.088,0.25547,6.342,8.4034,4.8006,52.601,354.94,161.9,397.57,347.17,367.8,420.61,375.32,32.685,0,15.445,42.378,1581.8,0,0,350.79,37.524,5.5062,5.8313,26.226,0,0,0,0,26.645,8.3645,131.49,63.524,0,0,0,27.551,31.944,241.94,4370
74.942,1155.9,1603,47.863,0,0,125.33,273.07,0,548.09,397.19,0,0,0,127.08,49.091,154.13,181.4,562.77,82.405,73.283,43.276,103.74,0,113.92,93.085,20.494,164.39,265.94,298.91,136.89,39.854,119.15,111.18,44.77,295.54,40.097,52.935,95.139,23.181,14.453,4.143,4.7179,811.93,311.35,35.826,15.069,47.21,10.195,218.03,5.0083,53.164,55.236,67.932,34.306,22.121,29.856,119.32,24.79,85.99,1258.6,4.1219,6.8177,27.699,114.29,16.848,26.57,35.843,315.57,230.47,305.29,0,1812.7,38.288,17.389,7010.7,31.818,127.13,496.04,16.662,22.303,15.83,0,15.53,130.01,133.86,39.129,35.66,19.873,80.235,4.5789,34.066,603.16,855.19,380.95,15.723,0,418.3,0,130.73,0,192.56,0,0,85.775,20.153,84.775,0,294.59,33.506,14.56,0,0,100.79,1.1492,351.78,20.676,78.069,1.4978,0,56.439,192.5,27.203,0.62677,20.484,27.142,8.2267,117.97,870.81,397.2,975.42,851.76,902.38,1031.9,920.82,102.66,0,27.946,40.261,3064.1,0,0,537.29,57.474,9.6184,14.307,64.343,0,0,0,0,40.925,14.611,201.4,97.297,0,0,0,67.595,54.741,370.56,4644
74.605,1150.7,1595.8,46.568,0,0,134.9,132.63,0,345.83,551.85,0,0,0,124.21,48.87,75.277,88.594,274.86,52.551,101.82,60.127,144.14,0,158.28,58.734,12.931,228.41,169.6,415.31,190.19,55.372,76.634,70.961,28.679,193.36,26.233,34.633,47.407,11.551,13.704,3.9283,4.4733,769.85,217.95,35.665,7.5086,23.524,9.6668,315.68,4.7487,50.409,52.374,67.627,34.152,22.021,29.722,57.953,24.678,85.604,1067.1,4.1034,9.4725,27.574,158.79,16.772,26.45,35.682,314.16,229.43,303.92,0,1180.5,38.116,17.311,3493.4,31.676,126.55,493.81,16.587,22.202,15.759,25.791,15.46,129.43,133.26,38.954,35.5,19.784,79.875,3.2053,23.847,600.45,417.68,529.28,29.729,0,204.3,0,110.84,0,364.09,0,0,119.17,38.106,117.79,0,409.3,32.6,14.166,0,0,108.48,2.173,378.63,41.098,147.61,2.832,0,36.926,182.52,27.081,0.62395,10.207,13.525,7.8003,77.18,866.9,395.41,971.04,847.93,898.32,1027.3,916.68,87.043,54.866,27.19,0,4436.4,0,0,262.41,28.071,10.353,14.243,64.054,0,0,0,0,19.878,15.727,98.365,47.521,0,0,30.918,67.291,51.904,180.99,5078
58.967,909.51,1261.3,54.59,0,0,127.74,70.455,0,307.96,574.68,0,0,0,101.23,38.627,40.367,47.509,147.39,46.961,106.03,62.615,150.1,0,164.83,52.302,11.515,237.86,151.56,432.49,198.06,57.663,45.665,41.662,16.958,118.93,16.135,21.302,18.262,4.4497,6.2189,1.7827,2.03,349.36,423.44,28.189,2.8924,9.0619,4.3868,296.16,2.155,22.876,23.767,53.452,26.993,17.405,23.492,30.785,19.505,67.66,723.78,3.2433,9.8643,21.794,165.36,13.257,20.906,28.203,248.3,181.34,240.21,0,720.01,30.126,13.683,1345.7,25.036,100.03,390.3,13.11,17.549,12.456,40.533,12.22,102.3,105.33,30.789,28.059,15.637,63.132,6.2274,46.33,474.59,223.98,551.18,38.149,0,109.56,0,75.178,0,467.2,0,0,124.1,48.897,122.66,0,426.24,38.216,16.606,0,0,102.73,2.7883,358.55,48.961,189.41,3.6341,0,22.712,82.829,21.405,0.49316,3.9319,5.2098,3.5398,47.471,685.19,312.53,767.5,670.2,710.02,811.96,724.54,59.039,86.225,31.874,10.632,4162,0,0,140.72,15.053,9.8035,11.257,50.628,0,0,0,0,10.559,14.893,52.748,25.483,0,0,48.59,53.186,23.554,97.053,4980
17.807,274.66,380.89,26.42,0,0,60.842,0,0,116.03,116.18,0,0,0,26.133,11.665,0,4.1231e-11,1.2738e-09,18.631,21.436,12.658,30.345,0,33.323,19.706,4.3386,48.086,60.129,87.433,40.041,11.657,4.4792,2.6984,1.3707,19.949,2.7065,3.5732,4.1603,1.0137,3.1232,0.89527,1.0195,175.45,51.596,8.5126,0.65893,2.0644,2.2031,154.5,1.0822,11.488,11.936,16.141,8.1514,5.2561,7.094,0,5.8903,20.432,86.044,0.97941,1.9942,6.5815,33.429,4.0033,6.3133,8.5168,74.984,54.761,72.54,0,107.62,9.0976,4.1319,306.57,7.5604,30.206,117.86,3.959,5.2993,3.7615,16.996,3.6901,30.893,31.807,9.2976,8.4733,4.7221,19.065,0.75881,5.6453,143.32,0,111.43,25.299,0,5.1792e-10,0,8.9372,0,309.83,0,1103.6,25.09,32.427,24.797,0,86.17,18.495,8.037,0,0,48.926,1.8491,170.77,26.192,125.61,2.41,0,3.8097,41.597,6.4638,0.14893,0.89573,1.1869,1.7777,7.9628,206.91,94.379,231.77,202.39,214.41,245.2,218.8,7.0186,36.155,15.426,42.378,2171.2,0,0,7.5919e-10,1.1569e-10,4.6692,3.3995,15.289,0,0,0,0,0,7.0931,0,5.5853e-11,0,0,20.374,16.061,11.829,7.2884e-11,4897
8.0776,124.59,172.78,16.229,0,0,57.144,1.3167,0,52.582,68.41,0,0,0,22.829,5.2913,1.5484,1.8223,5.6537,9.2663,12.622,7.4537,17.868,0,19.621,8.9303,1.9661,28.314,29.905,51.483,23.577,6.8642,3.2986,1.5815,0.92389,17.112,2.3216,3.0649,2.4812,0.60457,2.707,0.77597,0.88363,152.07,0,3.8615,0.39299,1.2312,1.9095,32.412,0.93803,9.9573,10.345,7.3221,3.6977,2.3843,3.218,0.57535,2.672,9.2685,0,0.44428,1.1743,2.9855,19.684,1.816,2.8638,3.8634,34.014,24.841,32.906,0,90.065,4.1269,1.8743,182.84,3.4296,13.702,53.466,1.7959,2.4039,1.7063,12.994,1.6739,14.014,14.428,4.2176,3.8437,2.142,8.6482,0,0,65.012,8.5913,65.613,17.153,0,4.2023,0,1.202e-11,0,210.07,0,2706.1,14.773,21.986,14.601,0,50.739,11.361,4.9369,0,0,45.952,1.2537,160.39,25.4,85.168,1.634,0,3.2678,36.054,2.9321,0.067556,0.53422,0.70786,1.5408,6.8303,93.861,42.812,105.14,91.807,97.263,111.23,99.251,0,27.642,9.4759,167.91,455.49,0,0,5.3976,0.57739,4.3854,1.5421,6.9353,0,0,0,0,0.19734,6.6619,2.0233,0.97745,0,0,15.577,7.2858,10.253,3.7227,4607
3.4131,52.643,73.005,8.7237,0,0,32.573,0,0,35.987,39.519,0,0,0,11.075,2.2357,0,4.1231e-11,1.2738e-09,6.8168,7.2914,4.3058,10.322,0,11.335,6.1119,1.3456,16.357,22,29.741,13.62,3.9653,6.2318,4.3565,2.034,24.161,3.278,4.3276,2.1378,0.52088,1.8144,0.52012,0.59228,101.93,0,1.6316,0.33859,1.0608,1.2799,3.2919,0.62874,6.6742,6.9344,3.0938,1.5624,1.0074,1.3597,0,1.129,3.9162,0,0.18772,0.67834,1.2615,11.371,0.76731,1.2101,1.6324,14.372,10.496,13.904,0,133.68,1.7437,0.79196,157.53,1.4491,5.7897,22.591,0.75882,1.0157,0.72096,9.2637,0.70728,5.9212,6.0964,1.7821,1.6241,0.90508,3.6541,0,0,27.47,0,37.903,11.125,0,5.1792e-10,0,1.202e-11,0,136.25,0,2706.1,8.5343,14.26,8.4349,0,29.311,6.107,2.6538,0,0,26.193,0.81316,91.424,24.353,55.239,1.0598,0,4.6141,24.166,1.2389,0.028545,0.46027,0.60987,1.0328,9.6441,39.659,18.09,44.423,38.791,41.097,46.997,41.937,0,19.707,5.0936,181.86,46.262,0,0,7.5919e-10,1.1569e-10,2.4997,0.65157,2.9304,0,0,0,0,0,3.7974,0,5.5853e-11,0,0,11.105,3.0785,6.8722,7.2884e-11,5010
1.6437,25.353,35.159,2.4109,0,0,9.3035,0,0,20.19,10.357,0,0,0,2.2617,1.0767,0.066511,0.078277,0.24285,4.4851,1.9109,1.1285,2.7052,0,2.9706,3.429,0.75494,4.2867,14.475,7.7944,3.5695,1.0392,1.8308,0.19292,0.3684,13.584,1.843,2.4331,1.5213,0.37067,0.78555,0.22518,0.25643,44.13,0.88958,0.78577,0.24094,0.75488,0.55413,0.27024,0.27221,2.8896,3.0022,1.49,0.75244,0.48518,0.65483,0,0.54372,1.886,0,0.090406,0.17778,0.60752,2.9801,0.36953,0.58276,0.78616,6.9215,5.0549,6.696,0,68.241,0.83978,0.3814,112.1,0.69788,2.7883,10.88,0.36545,0.48917,0.34721,6.3979,0.34062,2.8516,2.936,0.85824,0.78215,0.43588,1.7598,0.013083,0.097333,13.229,0.36904,9.9335,9.2873,0,0.18051,0,1.202e-11,0,113.74,0,1206.7,2.2366,11.904,2.2106,0,7.6817,1.6877,0.7334,0,0,7.4814,0.67882,26.113,8.5421,46.113,0.88472,0,2.5942,10.463,0.59666,0.013747,0.32753,0.43399,0.44713,5.4223,19.1,8.7119,21.394,18.682,19.792,22.634,20.197,0,13.61,1.4077,191.58,3.7978,0,0,0.23185,0.024802,0.71399,0.31379,1.4113,0,0,0,0,0,1.0846,0.08691,0.041987,0,0,7.6698,1.4826,2.9753,0.15991,4840
1.1218,17.303,23.995,3.6363,0,0,28.009,0,0,83.888,2.9817,0,0,0,2.2879,0.73483,0.12947,0.15238,0.47276,13.887,0.55014,0.32487,0.77879,0,0.85521,14.247,3.1367,1.2341,44.818,2.2439,1.0276,0.29918,4.6836,2.8918,1.4481,20.44,2.7732,3.6612,0.82721,0.20156,0.12058,0.034565,0.039361,6.7739,0,0.53627,0.13102,0.41048,0.085058,0.36478,0.041784,0.44355,0.46083,1.0169,0.51352,0.33112,0.4469,0,0.37107,1.2872,0,0.0617,0.051181,0.41462,0.85795,0.2522,0.39772,0.53653,4.7238,3.4498,4.5698,0,110.66,0.57312,0.2603,60.956,0.47628,1.9029,7.4251,0.24941,0.33384,0.23696,6.9387,0.23247,1.9461,2.0037,0.58572,0.53379,0.29748,1.201,0,0,9.0286,0.7184,2.8598,4.1373,0,0.35139,0,1.202e-11,0,50.668,0,0,0.64391,5.3029,0.63641,0,2.2115,2.5456,1.1062,0,0,22.523,0.3024,78.615,1.2163,20.542,0.39412,0,3.9035,1.606,0.4072,0.009382,0.1781,0.23599,0.068635,8.1589,13.035,5.9456,14.601,12.75,13.508,15.447,13.784,0,14.761,2.1232,397.38,5.1263,0,0,0.45135,0.048281,2.1495,0.21416,0.96314,0,0,0,0,0,3.2653,0.16918,0.081734,0,0,8.3181,1.0118,0.4567,0.31129,4480
0.46071,7.106,9.8546,3.0921,0,0,22.321,0,0,19.717,10.419,0,0,0,3.2133,0.30179,0,4.1231e-11,1.2738e-09,4.4153,1.9224,1.1352,2.7213,0,2.9884,3.3486,0.73726,4.3123,14.249,7.841,3.5909,1.0454,6.1995,4.326,2.0218,24.084,3.2675,4.3137,1.0835,0.264,0.43363,0.1243,0.14155,24.36,0,0.22024,0.17161,0.53764,0.30588,1.1248,0.15026,1.5951,1.6572,0.41762,0.2109,0.13599,0.18354,0,0.1524,0.52863,0,0.02534,0.17884,0.17028,2.9979,0.10358,0.16334,0.22035,1.94,1.4168,1.8768,0,133.2,0.23538,0.1069,79.84,0.19561,0.78152,3.0495,0.10243,0.13711,0.097318,4.6224,0.095473,0.79927,0.82292,0.24055,0.21923,0.12217,0.49326,0,0,3.708,0,9.9929,1.0156,0,5.1792e-10,0,1.202e-11,0,12.438,0,0,2.25,1.3018,2.2238,0,7.7277,2.1646,0.94062,0,0,17.95,0.074232,62.651,1.8668,5.0427,0.096748,0,4.5992,5.7755,0.16724,0.0038531,0.23328,0.3091,0.24682,9.6131,5.3534,2.4418,5.9965,5.2363,5.5475,6.3439,5.6608,0,9.8333,1.8054,191.95,15.807,0,0,7.5919e-10,1.1569e-10,1.713,0.087953,0.39556,0,0,0,0,0,2.6023,0,5.5853e-11,0,0,5.5413,0.41555,1.6424,7.2884e-11,4159.6
1.8975,29.268,40.588,2.2556,0,0,13.462,14.67,0,45.835,2.7466,0,0,0,2.5269,1.243,9.0456,10.646,33.028,8.2704,0.50676,0.29926,0.71739,0,0.78778,7.7844,1.7139,1.1368,26.691,2.067,0.94661,0.27559,0,0,0,5.4527,0.73978,0.97666,1.1999,0.29235,0.29183,0.083654,0.09526,16.394,0,0.90711,0.19004,0.59539,0.20585,13.62,0.10112,1.0735,1.1153,1.7201,0.86862,0.5601,0.75595,6.4099,0.62767,2.1773,0.84357,0.10437,0.047145,0.70133,0.7903,0.42659,0.67275,0.90756,7.9903,5.8354,7.7299,0,17.931,0.96945,0.4403,88.416,0.80564,3.2188,12.56,0.42187,0.5647,0.40082,0.89304,0.39322,3.2919,3.3894,0.99076,0.90292,0.50319,2.0316,0,0,15.272,50.19,2.6343,0.22415,0,24.549,0,0.08762,0,2.7451,0,130.39,0.59314,0.2873,0.58623,0,2.0371,1.579,0.68615,0,0,10.826,0.016383,37.785,3.6771,1.1129,0.021353,0,1.0413,3.8868,0.68879,0.01587,0.25833,0.3423,0.16611,2.1765,22.049,10.057,24.698,21.567,22.848,26.128,23.315,0.06881,1.8998,1.317,6.5163,191.41,0,0,31.533,3.3731,1.0331,0.36225,1.6292,0,0,0,0,2.1986,1.5694,11.82,5.7102,0,0,1.0706,1.7115,1.1053,21.748,4658
5.5755,85.997,119.26,21.007,0,0,84.435,104.87,0,233.31,101.62,0,0,0,12.205,3.6523,59.691,70.251,217.95,35.942,18.749,11.072,26.542,0,29.147,39.624,8.7239,42.06,116,76.476,35.023,10.196,8.0141,6.0426,2.7085,28.444,3.8591,5.0948,1.3759,0.33525,0.83539,0.23947,0.27269,46.93,0,2.6654,0.21792,0.68276,0.58929,42.793,0.28948,3.0729,3.1927,5.054,2.5523,1.6457,2.2212,45.824,1.8443,6.3975,0,0.30666,1.7443,2.0607,29.24,1.2535,1.9767,2.6667,23.478,17.146,22.713,0,160.18,2.8485,1.2937,101.39,2.3672,9.4579,36.904,1.2396,1.6593,1.1777,0,1.1554,9.6727,9.959,2.9112,2.6531,1.4785,5.9694,0,0,44.874,331.2,97.465,2.0445,0,162,0,1.202e-11,0,25.039,0,0,21.945,2.6206,21.69,0,75.371,14.706,6.3903,0,0,67.898,0.14944,236.99,6.845,10.151,0.19476,0,5.432,11.127,2.0239,0.04663,0.29624,0.39253,0.4755,11.354,64.787,29.551,72.569,63.369,67.135,76.773,68.507,0,0,12.266,0,601.39,0,0,208.08,22.259,6.4798,1.0644,4.787,0,0,0,0,15.717,9.8435,77.998,37.681,0,0,0,5.0289,3.164,143.51,4970
30.952,477.41,662.07,41.499,0,0,101.41,235.16,0,320.15,266.87,0,0,0,81.129,20.275,132.84,156.35,485.06,48.76,49.239,29.077,69.704,0,76.544,54.373,11.971,110.46,157.36,200.84,91.976,26.777,65.363,60.297,24.413,166.27,22.558,29.781,62.469,15.221,14.41,4.1306,4.7037,809.5,147.67,14.797,9.8942,30.999,10.165,104.35,4.9933,53.005,55.071,28.057,14.169,9.1363,12.331,102.75,10.239,35.516,314.65,1.7024,4.5808,11.44,76.789,6.9586,10.974,14.804,130.34,95.187,126.09,0,1012.9,15.814,7.1821,4603.3,13.142,52.505,204.87,6.8816,9.2114,6.5382,0,6.4142,53.698,55.287,16.161,14.728,8.208,33.139,2.1717,16.157,249.12,737.1,255.96,6.1878,0,360.54,0,32.682,0,75.781,0,0,57.632,7.9312,56.96,0,197.94,29.051,12.624,0,0,81.547,0.45227,284.63,14.397,30.723,0.58946,0,31.752,191.92,11.236,0.25887,13.45,17.822,8.202,66.367,359.66,164.05,402.87,351.79,372.7,426.21,380.32,25.666,0,24.231,0,1466.5,0,0,463.09,49.538,7.7824,5.909,26.575,0,0,0,0,35.244,11.822,173.59,83.862,0,0,0,27.918,54.577,319.39,5362
50.547,779.64,1081.2,49.902,0,0,139.19,292.64,0,511.07,343.03,0,0,0,135.69,33.111,165.12,194.33,602.9,76.941,63.291,37.375,89.596,0,98.388,86.798,19.11,141.98,248.31,258.15,118.22,34.419,150.98,141.29,56.815,372.02,50.473,66.635,102.63,25.007,14.218,4.0755,4.641,798.7,254.42,24.164,16.255,50.928,10.029,195.5,4.9267,52.298,54.336,45.819,23.139,14.92,20.137,127.87,16.72,57.999,895.87,2.7802,5.8881,18.682,98.703,11.364,17.921,24.176,212.85,155.45,205.91,0,2285.9,25.825,11.729,7562.8,21.461,85.745,334.57,11.238,15.043,10.677,0,10.475,87.692,90.287,26.392,24.052,13.404,54.118,3.7417,27.837,406.82,916.17,329,14.93,0,448.13,0,93.052,0,182.84,0,0,74.079,19.136,73.216,0,254.42,34.934,15.18,0,0,111.93,1.0912,390.68,20.167,74.128,1.4222,0,71.045,189.36,18.348,0.42275,22.097,29.279,8.0926,148.5,587.35,267.9,657.91,574.5,608.64,696.02,621.08,73.076,0,29.137,78.547,2747.4,0,0,575.6,61.572,10.682,9.6497,43.399,0,0,0,0,43.859,16.227,215.76,104.24,0,0,0,45.592,53.849,396.99,5472
75.035,1157.3,1605,40.129,0,0,122.4,147.8,0,551.68,346.23,0,0,0,132.1,49.152,83.794,98.619,305.96,82.935,63.881,37.724,90.432,0,99.306,93.695,20.628,143.3,267.65,260.56,119.33,34.74,78.296,72.532,29.308,197.35,26.775,35.348,55.244,13.461,13.063,3.7446,4.2641,733.84,427,35.87,8.7498,27.413,9.2146,324.6,4.5266,48.051,49.924,68.017,34.349,22.148,29.893,64.582,24.821,86.097,1035.1,4.127,5.943,27.733,99.623,16.869,26.603,35.888,315.97,230.75,305.67,0,1205.2,38.336,17.411,4070.9,31.858,127.28,496.66,16.682,22.33,15.85,25.791,15.549,130.18,134.03,39.178,35.705,19.898,80.336,6.2798,46.72,603.92,464.94,332.07,26.289,0,227.42,0,107.51,0,321.96,0,0,74.77,33.696,73.899,0,256.8,28.092,12.207,0,0,98.431,1.9215,343.56,21.214,130.53,2.5043,0,37.688,173.98,27.237,0.62755,11.894,15.76,7.4354,78.774,871.9,397.69,976.64,852.82,903.5,1033.2,921.97,84.433,54.866,23.431,0,4561.7,0,0,292.11,31.247,9.3937,14.325,64.423,0,0,0,0,22.151,14.27,109.49,52.897,0,0,30.918,67.679,49.476,201.46,5970
50.776,783.17,1086.1,49.902,0,0,111.08,58.344,0,373.53,294.27,0,0,0,70.848,33.261,33.567,39.506,122.57,56.64,54.294,32.062,76.861,0,84.403,63.438,13.967,121.8,182.79,221.46,101.42,29.527,34.412,31.016,12.699,91.885,12.466,16.458,10.802,2.632,6.5979,1.8913,2.1537,370.65,209.05,24.273,1.7109,5.3601,4.6541,271.15,2.2863,24.27,25.216,46.027,23.244,14.988,20.228,25.493,16.796,58.262,457.21,2.7928,5.0511,18.767,84.673,11.415,18.002,24.285,213.81,156.15,206.85,0,552.69,25.942,11.782,795.98,21.558,86.133,336.09,11.289,15.111,10.726,40.533,10.522,88.09,90.697,26.512,24.161,13.465,54.363,3.0744,22.873,408.67,186.25,282.24,32.766,0,91.1,0,47.49,0,401.28,0,0,63.549,41.998,62.808,0,218.26,34.934,15.18,0,0,89.323,2.3949,311.77,18.81,162.69,3.1213,0,17.547,87.877,18.431,0.42466,2.3257,3.0816,3.7555,36.677,590.01,269.12,660.89,577.1,611.4,699.17,623.89,37.295,86.225,29.137,225.33,3810.6,0,0,117.01,12.517,8.5245,9.6935,43.595,0,0,0,0,8.7441,12.95,43.862,21.19,0,0,48.59,45.798,24.989,80.704,6413
18.125,279.56,387.69,28.25,0,0,74.701,13.747,0,176.83,155.57,0,0,0,35.108,11.873,8.5276,10.036,31.137,27.606,28.703,16.95,40.633,0,44.621,30.032,6.612,64.389,89.091,117.08,53.617,15.61,6.9548,5.0405,2.3077,25.899,3.5137,4.6388,4.1653,1.0149,3.2132,0.92109,1.0489,180.51,31.135,8.6645,0.65973,2.0669,2.2666,121.82,1.1135,11.82,12.28,16.43,8.2969,5.35,7.2207,6.0068,5.9954,20.797,99.541,0.99689,2.6703,6.699,44.763,4.0748,6.426,8.6688,76.322,55.739,73.835,0,144.43,9.26,4.2057,306.94,7.6954,30.746,119.97,4.0297,5.3939,3.8286,16.996,3.756,31.444,32.375,9.4636,8.6245,4.8064,19.405,0.45789,3.4066,145.88,47.316,149.21,30.318,0,23.144,0,10.339,0,371.3,0,797.94,33.596,38.86,33.205,0,115.39,19.776,8.5937,0,0,60.071,2.216,209.67,28.879,150.53,2.8881,0,4.9459,42.797,6.5792,0.15159,0.89681,1.1883,1.829,10.338,210.61,96.064,235.91,206,218.24,249.57,222.7,8.1195,36.155,16.495,77.602,1712,0,0,29.727,3.1799,5.7328,3.4601,15.562,0,0,0,0,2.0603,8.7088,11.143,5.3833,0,0,20.374,16.348,12.17,20.503,4731
7.7723,119.88,166.25,16.687,0,0,52.387,0,0,46.813,81.519,0,0,0,18.289,5.0913,0.21283,0.25048,0.77711,8.4147,15.041,8.882,21.292,0,23.381,7.9505,1.7504,33.74,27.157,61.349,28.095,8.1795,1.5792,0,0.27318,12.98,1.761,2.3248,2.8751,0.70053,1.5397,0.44137,0.50261,86.497,0,3.7155,0.45536,1.4267,1.0861,28.722,0.53355,5.6637,5.8845,7.0454,3.5579,2.2942,3.0964,0,2.571,8.9182,29.525,0.42749,1.3993,2.8727,23.456,1.7473,2.7556,3.7174,32.729,23.902,31.662,0,64.5,3.9709,1.8035,211.86,3.3,13.184,51.445,1.728,2.313,1.6418,12.994,1.6106,13.484,13.883,4.0582,3.6984,2.0611,8.3214,0,0,62.555,1.1809,78.186,19.969,0,0.57761,0,3.0667,0,244.55,0,864.42,17.604,25.595,17.399,0,60.462,11.682,5.0762,0,0,42.127,1.4595,147.04,16.716,99.147,1.9022,0,2.4787,20.507,2.8213,0.065003,0.61901,0.82021,0.87641,5.1809,90.313,41.194,101.16,88.337,93.587,107.02,95.5,2.4084,27.642,9.7433,269.18,403.64,0,0,0.74192,0.079364,4.0204,1.4838,6.6731,0,0,0,0,0,6.1074,0.2781,0.13435,0,0,15.577,7.0104,5.8317,0.5117,5070
1.3106,20.214,28.033,7.6535,0,0,25.807,0,0,30.059,37.946,0,0,0,3.41,0.85849,0.75025,0.88297,2.7394,5.9418,7.0012,4.1344,9.9111,0,10.884,5.1051,1.124,15.706,19.176,28.557,13.078,3.8075,0,0,0,9.1498,1.2414,1.6389,1.3354,0.32538,0.3264,0.093563,0.10654,18.336,0,0.62651,0.2115,0.66264,0.23024,3.8242,0.1131,1.2006,1.2474,1.188,0.59993,0.38685,0.52211,0,0.43352,1.5038,0,0.072083,0.65134,0.48439,10.919,0.29464,0.46465,0.62682,5.5187,4.0304,5.3388,0,40.805,0.66957,0.3041,98.403,0.55644,2.2232,8.6747,0.29138,0.39002,0.27684,9.2637,0.27159,2.2737,2.3409,0.68429,0.62362,0.34754,1.4031,0,0,10.548,4.1628,36.394,19.398,0,2.0362,0,1.202e-11,0,237.56,0,160.74,8.1946,24.863,8.0991,0,28.144,5.3578,2.3282,0,0,20.753,1.4178,72.436,11.625,96.313,1.8478,0,1.7473,4.3472,0.47573,0.010961,0.28751,0.38096,0.18578,3.6522,15.229,6.9462,17.058,14.895,15.781,18.046,16.103,0,19.707,4.4688,269.62,53.742,0,0,2.6153,0.27977,1.9806,0.2502,1.1252,0,0,0,0,0,3.0087,0.98035,0.47361,0,0,11.105,1.1821,1.2362,1.8038,3860
1.8715,28.866,40.031,3.4147,0,0,15.245,0,0,40.801,18.781,0,0,0,1.9527,1.2259,0.017736,0.020874,0.064761,7.5273,3.4652,2.0463,4.9054,0,5.3868,6.9294,1.5256,7.7733,24.293,14.134,6.4728,1.8845,0,0,0,6.1167,0.82987,1.0956,0.64434,0.157,0.51268,0.14696,0.16735,28.801,0,0.89466,0.10205,0.31974,0.36164,0.59162,0.17766,1.8858,1.9594,1.6964,0.8567,0.55241,0.74557,0,0.61906,2.1474,0,0.10293,0.32237,0.69171,5.404,0.42074,0.66352,0.8951,7.8807,5.7553,7.6238,0,22.039,0.95614,0.43426,47.481,0.79459,3.1747,12.387,0.41609,0.55695,0.39532,6.3979,0.38783,3.2468,3.3429,0.97716,0.89053,0.49628,2.0037,0,0,15.063,0.098411,18.013,6.6885,0,0.048136,0,1.202e-11,0,81.913,0,0,4.0558,8.573,4.0086,0,13.93,2.3905,1.0388,0,0,12.259,0.48887,42.788,5.9964,33.21,0.63715,0,1.1681,6.8284,0.67934,0.015652,0.13873,0.18382,0.29182,2.4415,21.746,9.9191,24.359,21.271,22.535,25.77,22.995,0,13.61,1.9938,290.28,8.3142,0,0,0.061828,0.0066138,1.1699,0.35728,1.6068,0,0,0,0,0,1.7772,0.023176,0.011196,0,0,7.6698,1.688,1.9418,0.042643,2950.9
1.1793,18.19,25.226,5.6802,0,0,52.387,0,0,41.559,31.771,0,0,0,7.7542,0.77253,0,4.1231e-11,1.2738e-09,7.6392,5.8619,3.4616,8.2983,0,9.1126,7.0582,1.554,13.15,24.654,23.91,10.95,3.1879,7.6744,5.7213,2.58,27.628,3.7484,4.9486,1.0505,0.25596,0.78671,0.22551,0.2568,44.195,0,0.56378,0.16638,0.52126,0.55494,0.33744,0.27261,2.8938,3.0066,1.069,0.53986,0.34811,0.46983,0,0.39011,1.3532,0,0.064865,0.54535,0.43589,9.1417,0.26513,0.41812,0.56406,4.9661,3.6268,4.8043,0,155.13,0.60253,0.27365,77.408,0.50072,2.0005,7.8061,0.2622,0.35097,0.24912,6.9387,0.24439,2.046,2.1065,0.61577,0.56118,0.31274,1.2626,0,0,9.4918,0,30.472,8.6627,0,5.1792e-10,0,1.202e-11,0,106.09,0,0,6.8611,11.103,6.7811,0,23.564,3.9764,1.7279,0,0,42.127,0.63316,147.04,4.865,43.011,0.82521,0,5.2761,10.478,0.42809,0.0098633,0.22617,0.29968,0.44779,11.028,13.704,6.2506,15.35,13.404,14.2,16.239,14.491,0,14.761,3.3166,230.42,4.7421,0,0,7.5919e-10,1.1569e-10,4.0204,0.22514,1.0126,0,0,0,0,0,6.1074,0,5.5853e-11,0,0,8.3181,1.0637,2.9796,7.2884e-11,3558.5
0.27135,4.1853,5.8042,3.0531,0,0,11.52,0,0,43.488,7.6111,0,0,0,2.0752,0.17775,0,4.1231e-11,1.2738e-09,7.924,1.4043,0.82927,1.9879,0,2.183,7.3858,1.6261,3.1502,25.573,5.7279,2.6231,0.76369,0,0,0,4.1006,0.55634,0.73447,0.38452,0.093692,0.36801,0.10549,0.12013,20.674,0,0.12972,0.060902,0.19081,0.2596,0.5245,0.12753,1.3537,1.4065,0.24597,0.12422,0.080096,0.1081,0,0.089759,0.31136,0,0.014925,0.13064,0.10029,2.19,0.061004,0.096205,0.12978,1.1426,0.83448,1.1054,0,9.5653,0.13863,0.062964,28.335,0.11521,0.4603,1.7961,0.060329,0.080754,0.057319,4.6224,0.056232,0.47076,0.48469,0.14168,0.12912,0.071958,0.29052,0,0,2.184,0,7.2999,1.2673,0,5.1792e-10,0,1.202e-11,0,15.52,0,0,1.6436,1.6243,1.6245,0,5.6451,2.1373,0.92875,0,0,9.2638,0.092626,32.334,2.2911,6.2922,0.12072,0,0.78309,4.9016,0.098499,0.0022694,0.082789,0.1097,0.20947,1.6368,3.1531,1.4382,3.5318,3.0841,3.2674,3.7364,3.3341,0,9.8333,1.7827,233.61,7.3709,0,0,7.5919e-10,1.1569e-10,0.88408,0.051803,0.23298,0,0,0,0,0,1.343,0,5.5853e-11,0,0,5.5413,0.24475,1.3938,7.2884e-11,3554.8
2.6785,41.314,57.294,17.985,0,0,75.777,14.335,0,42.373,57.858,0,0,0,3.716,1.7546,8.8576,10.425,32.342,7.7594,10.675,6.304,15.112,0,16.595,7.1964,1.5844,23.947,25.042,43.542,19.941,5.8054,0,0,0,6.7521,0.91607,1.2094,1.8233,0.44427,0.57856,0.16585,0.18886,32.502,0,1.2805,0.28879,0.90478,0.40812,9.7934,0.20049,2.1282,2.2111,2.428,1.2261,0.79064,1.0671,6.2636,0.88603,3.0734,0,0.14732,0.99313,0.99,16.648,0.60218,0.94965,1.2811,11.279,8.2373,10.912,0,25.97,1.3685,0.62152,134.36,1.1372,4.5437,17.729,0.59552,0.79713,0.5658,0.89304,0.55507,4.6469,4.7844,1.3986,1.2746,0.7103,2.8678,0,0,21.558,49.147,55.492,1.4386,0,24.039,0,1.202e-11,0,17.618,0,0,12.495,1.8439,12.349,0,42.913,12.59,5.471,0,0,60.936,0.10515,212.69,3.3942,7.1428,0.13704,0,1.2894,7.7058,0.9723,0.022402,0.39257,0.52017,0.32932,2.6951,31.124,14.197,34.863,30.443,32.253,36.883,32.912,0,1.8998,10.501,185.21,137.63,0,0,30.877,3.303,5.8154,0.51135,2.2997,0,0,0,0,2.1484,8.8342,11.574,5.5916,0,0,1.0706,2.416,2.1913,21.296,3800
6.655,102.65,142.35,19.899,0,0,81.891,33.836,0,189.11,115.51,0,0,0,12.349,4.3594,19.807,23.311,72.322,29.418,21.312,12.585,30.17,0,33.131,32.118,7.0712,47.809,94.941,86.929,39.81,11.59,2.3936,0.72534,0.58139,14.937,2.0265,2.6754,2.6807,0.65318,0.66321,0.19011,0.21649,37.257,0,3.1814,0.42459,1.3302,0.46782,30.84,0.22982,2.4395,2.5346,6.0326,3.0464,1.9644,2.6512,14.785,2.2014,7.6361,0,0.36603,1.9827,2.4597,33.237,1.4962,2.3595,3.183,28.024,20.466,27.11,0,76.609,3.4,1.5442,197.54,2.8256,11.289,44.05,1.4796,1.9805,1.4058,0,1.3791,11.545,11.887,3.4748,3.1667,1.7648,7.1251,0,0,53.562,109.9,110.79,2.4782,0,53.755,0,1.202e-11,0,30.35,0,0,24.945,3.1764,24.654,0,85.673,13.93,6.0533,0,0,65.853,0.18113,229.85,4.9216,12.305,0.23607,0,2.8525,8.8332,2.4157,0.055658,0.57717,0.76477,0.3775,5.9621,77.33,35.272,86.62,75.638,80.133,91.637,81.771,0,0,11.619,0,433.4,0,0,69.046,7.386,6.2846,1.2705,5.7138,0,0,0,0,5.0711,9.547,25.882,12.504,0,0,0,6.0026,2.5119,47.621,3746.1
25.462,392.73,544.63,34.405,0,0,80.961,147.8,0,226.36,233.33,0,0,0,38.76,16.679,83.794,98.619,305.96,34.917,43.05,25.423,60.944,0,66.924,38.444,8.4641,96.573,112.69,175.6,80.416,23.412,57.75,53.095,21.532,147.97,20.076,26.504,20.432,4.9784,5.2828,1.5143,1.7244,296.77,24.908,12.172,3.2361,10.139,3.7264,32.412,1.8306,19.432,20.19,23.081,11.656,7.5157,10.144,64.582,8.4225,29.216,119.79,1.4004,4.0051,9.4108,67.138,5.7243,9.0273,12.178,107.22,78.303,103.72,0,899.7,13.009,5.9081,1505.6,10.811,43.192,168.53,5.6609,7.5775,5.3785,0,5.2764,44.173,45.48,13.295,12.116,6.752,27.261,0.36631,2.7253,204.93,464.94,223.79,4.4228,0,227.42,0,12.442,0,54.165,0,0,50.389,5.6689,49.801,0,173.06,24.085,10.466,0,0,65.105,0.32327,227.24,5.9399,21.96,0.42132,0,28.258,70.361,9.2425,0.21295,4.399,5.8289,3.0069,59.064,295.86,134.95,331.41,289.39,306.59,350.6,312.85,9.7713,0,20.089,191.58,455.49,0,0,292.11,31.247,6.2132,4.8608,21.861,0,0,0,0,22.151,9.4386,109.49,52.897,0,0,0,22.966,20.008,201.46,5010
47.055,725.78,1006.5,48.813,0,0,131.41,224.97,0,366.69,411,0,0,0,90.351,30.823,127.12,149.61,464.17,55.63,75.831,44.781,107.35,0,117.88,62.277,13.711,170.11,179.53,309.31,141.65,41.239,126.31,117.96,47.481,312.75,42.432,56.019,59.153,14.413,23.18,6.6447,7.5667,1302.2,243.75,22.494,9.3689,29.353,16.351,81.668,8.0325,85.266,88.59,42.654,21.54,13.889,18.746,98.303,15.565,53.992,768.49,2.5881,7.0548,17.392,118.26,10.579,16.683,22.506,198.14,144.71,191.69,0,1919.2,24.04,10.918,4358.9,19.978,79.821,311.46,10.462,14.003,9.9396,0,9.7511,81.634,84.049,24.569,22.391,12.478,50.379,3.5848,26.67,378.72,705.36,394.19,14.05,0,345.01,0,79.822,0,172.07,0,0,88.757,18.009,87.723,0,304.84,34.171,14.849,0,0,105.67,1.0269,368.83,3.1114,69.761,1.3384,0,59.726,308.74,17.081,0.39354,12.736,16.875,13.194,124.84,546.77,249.4,612.45,534.81,566.59,647.93,578.17,62.686,0,28.501,0,1147.7,0,0,443.15,47.405,10.085,8.983,40.4,0,0,0,0,33.717,15.32,166.11,80.251,0,0,0,42.442,87.795,305.64,4957
41.316,637.25,883.74,40.075,0,0,111.93,127.84,0,353.41,447.5,0,0,0,75.88,27.064,72.586,85.428,265.04,53.67,82.566,48.758,116.88,0,128.35,60.021,13.215,185.22,173.21,336.77,154.23,44.902,66.755,61.614,24.94,169.61,23.012,30.38,18.332,4.4669,12.835,3.6792,4.1896,721.02,276.66,19.751,2.9036,9.0969,9.0536,209.93,4.4475,47.211,49.052,37.451,18.913,12.195,16.46,55.859,13.667,47.407,844.41,2.2724,7.6813,15.27,128.76,9.2884,14.648,19.761,173.98,127.06,168.31,0,1033.6,21.108,9.5868,1350.9,17.542,70.085,273.47,9.1857,12.296,8.7273,25.791,8.5618,71.677,73.798,21.572,19.66,10.956,44.234,4.0688,30.271,332.53,402.75,429.2,20.79,0,197,0,87.707,0,254.61,0,0,96.64,26.647,95.513,0,331.91,28.054,12.191,0,0,90.005,1.5196,314.15,10.72,103.23,1.9805,0,32.391,170.95,14.997,0.34554,3.947,5.23,7.3055,67.703,480.08,218.98,537.75,469.58,497.48,568.91,507.65,68.878,54.866,23.399,0,2950.2,0,0,253.03,27.067,8.5895,7.8874,35.473,0,0,0,0,19.159,13.048,94.849,45.822,0,0,30.918,37.265,48.611,174.52,4499.2
34.782,536.48,743.98,44.487,0,0,118.06,23.335,0,283.59,404.95,0,0,0,55.231,22.784,13.911,16.372,50.792,43.364,74.715,44.122,105.77,0,116.15,48.164,10.604,167.61,139.95,304.75,139.56,40.632,17.732,15.236,6.3863,51.798,7.0276,9.2778,7.2624,1.7695,3.8103,1.0922,1.2438,214.05,28.467,16.627,1.1503,3.6038,2.6878,191.99,1.3203,14.016,14.562,31.529,15.922,10.267,13.857,10.196,11.505,39.91,26.994,1.913,6.9509,12.855,116.52,7.8195,12.332,16.636,146.46,106.96,141.69,0,304.67,17.77,8.0707,535.16,14.768,59.001,230.22,7.733,10.351,7.3471,40.533,7.2078,60.342,62.127,18.161,16.551,9.2235,37.239,0.41866,3.1147,279.94,77.184,388.39,28.785,0,37.753,0,2.8038,0,352.52,0,0,87.451,36.895,86.432,0,300.35,31.143,13.533,0,0,94.941,2.1039,331.38,18.329,142.92,2.742,0,9.8919,50.749,12.626,0.29089,1.5636,2.0719,2.1688,20.676,404.16,184.35,452.71,395.32,418.81,478.94,427.37,2.2019,86.225,25.975,358.63,2698.1,0,0,48.492,5.1872,9.0607,6.64,29.863,0,0,0,0,3.4972,13.764,18.177,8.7814,0,0,48.59,31.372,14.431,33.445,4980
16.059,247.7,343.51,21.025,0,0,66.667,5.6722,0,45.482,149.73,0,0,0,17.59,10.52,3.9938,4.7004,14.583,8.2183,27.626,16.314,39.108,0,42.946,7.7244,1.7007,61.972,26.523,112.68,51.604,15.024,3.2507,1.5362,0.90577,16.997,2.306,3.0443,5.1644,1.2584,3.2606,0.93466,1.0643,183.17,0,7.6772,0.81796,2.5627,2.3,63.517,1.1299,11.994,12.461,14.557,7.3515,4.7403,6.3978,2.4785,5.3122,18.427,0,0.88329,2.5701,5.9356,43.083,3.6104,5.6937,7.681,67.625,49.387,65.421,0,89.353,8.2048,3.7264,380.56,6.8184,27.242,106.3,3.5705,4.7793,3.3923,16.996,3.328,27.861,28.685,8.3851,7.6417,4.2587,17.194,0,0,129.25,22.16,143.61,23.116,0,10.839,0,1.202e-11,0,283.1,0,353.17,32.335,29.629,31.958,0,111.05,14.718,6.3958,0,0,53.61,1.6896,187.12,14.652,114.78,2.2021,0,3.2458,43.427,5.8295,0.13431,1.1119,1.4733,1.8559,6.7843,186.61,85.117,209.02,182.52,193.37,221.13,197.32,0,36.155,12.276,91.953,892.63,0,0,13.922,1.4893,5.1163,3.0658,13.788,0,0,0,0,0.8501,7.7722,5.2187,2.5212,0,0,20.374,14.485,12.349,9.6022,5098
7.0557,108.83,150.92,12.324,0,0,45.607,0,0,36.086,63.117,0,0,0,11.416,4.6218,0,4.1231e-11,1.2738e-09,6.8314,11.645,6.877,16.486,0,18.103,6.1287,1.3493,26.124,22.047,47.5,21.753,6.3331,0,0,0,8.793,1.193,1.5749,1.9464,0.47426,3.3378,0.95681,1.0896,187.51,0,3.3729,0.30828,0.96585,2.3545,13.083,1.1566,12.278,12.756,6.3957,3.2298,2.0826,2.8109,0,2.3339,8.0958,15.184,0.38807,1.0834,2.6078,18.161,1.5862,2.5015,3.3746,29.711,21.698,28.742,0,38.597,3.6047,1.6372,143.43,2.9957,11.969,46.701,1.5687,2.0998,1.4904,12.994,1.4621,12.241,12.603,3.684,3.3574,1.871,7.554,0,0,56.787,0,60.536,14.97,0,5.1792e-10,0,1.5771,0,183.34,0,658.4,13.63,19.188,13.472,0,46.814,8.6274,3.749,0,0,36.675,1.0942,128.01,4.1296,74.331,1.4261,0,1.6792,44.456,2.5612,0.059009,0.41907,0.55528,1.8999,3.5098,81.985,37.396,91.834,80.192,84.957,97.154,86.694,1.2386,27.642,7.1958,118.05,183.86,0,0,7.5919e-10,1.1569e-10,3.5001,1.347,6.0578,0,0,0,0,0,5.317,0,5.5853e-11,0,0,15.577,6.364,12.642,7.2884e-11,4204.6
5.5952,86.3,119.68,16.269,0,0,48.935,1.7653,0,34.868,92.429,0,0,0,15.867,3.6651,1.8002,2.1187,6.5732,6.6516,17.054,10.071,24.142,0,26.511,5.9218,1.3038,38.256,21.466,69.559,31.855,9.2742,10.138,8.0519,3.5124,33.549,4.5516,6.009,2.453,0.5977,2.5407,0.72831,0.82936,142.73,0,2.6747,0.38852,1.2172,1.7922,4.535,0.88042,9.3458,9.7101,5.0718,2.5613,1.6515,2.229,0.77134,1.8508,6.42,0,0.30774,1.5865,2.068,26.595,1.2579,1.9837,2.6761,23.561,17.207,22.793,0,191.76,2.8586,1.2983,180.76,2.3756,9.4912,37.034,1.244,1.6651,1.1819,9.2637,1.1595,9.7068,9.9941,2.9214,2.6624,1.4837,5.9904,0,0,45.032,9.9887,88.649,20.81,0,4.8858,0,1.202e-11,0,254.85,0,353.17,19.96,26.673,19.728,0,68.554,11.389,4.949,0,0,39.351,1.521,137.35,1.4708,103.32,1.9823,0,6.4068,33.84,2.031,0.046794,0.52814,0.69981,1.4462,13.391,65.015,29.655,72.825,63.592,67.371,77.044,68.748,0,19.707,9.4992,269.07,63.732,0,0,6.2755,0.6713,3.7554,1.0681,4.8039,0,0,0,0,0.26457,5.7049,2.3524,1.1364,0,0,11.105,5.0466,9.6229,4.3282,4010
1.2038,18.568,25.75,5.9643,0,0,17.487,0,0,31.545,22.277,0,0,0,3.2133,0.78858,0,4.1231e-11,1.2738e-09,6.1611,4.1102,2.4272,5.8185,0,6.3895,5.3574,1.1795,9.2203,19.884,16.765,7.6777,2.2352,0,0,0,6.2969,0.85432,1.1279,1.1691,0.28485,0.66285,0.19001,0.21637,37.237,0,0.57549,0.18516,0.58011,0.46757,0.99151,0.22969,2.4382,2.5333,1.0912,0.55108,0.35534,0.47959,0,0.39821,1.3813,0,0.066213,0.38238,0.44494,6.4099,0.27064,0.42681,0.57578,5.0693,3.7021,4.9041,0,23.154,0.61504,0.27934,86.147,0.51112,2.0421,7.9682,0.26765,0.35826,0.25429,6.3979,0.24947,2.0885,2.1503,0.62856,0.57283,0.31924,1.2889,0,0,9.689,0,21.366,8.0829,0,5.1792e-10,0,1.202e-11,0,98.989,0,0,4.8108,10.36,4.7548,0,16.523,4.1753,1.8143,0,0,14.062,0.59078,49.083,1.6122,40.133,0.76998,0,1.2025,8.8285,0.43699,0.010068,0.2517,0.33352,0.37729,2.5135,13.988,6.3805,15.669,13.682,14.495,16.576,14.792,0,13.61,3.4825,269.12,13.934,0,0,7.5919e-10,1.1569e-10,1.342,0.22982,1.0336,0,0,0,0,0,2.0387,0,5.5853e-11,0,0,7.6698,1.0858,2.5105,7.2884e-11,3753.1
0.80561,12.426,17.232,3.4737,0,0,29.924,0,0,7.7652,24.765,0,0,0,1.493,0.52772,0,4.1231e-11,1.2738e-09,2.6511,4.5693,2.6983,6.4684,0,7.1031,1.3188,0.29036,10.25,8.5559,18.637,8.5352,2.4849,2.8314,1.1395,0.74709,15.989,2.1693,2.8639,0.12446,0.030325,0.42432,0.12163,0.13851,23.837,0,0.38512,0.019712,0.061757,0.29931,0.60961,0.14704,1.5608,1.6217,0.73026,0.36878,0.2378,0.32094,0,0.26648,0.92438,0,0.04431,0.42509,0.29776,7.1258,0.18111,0.28562,0.38531,3.3924,2.4775,3.2818,0,83.119,0.41159,0.18693,9.171,0.34204,1.3666,5.3324,0.17911,0.23975,0.17017,6.9387,0.16695,1.3976,1.439,0.42064,0.38334,0.21363,0.86252,0,0,6.4839,0,23.752,3.8071,0,5.1792e-10,0,1.202e-11,0,46.625,0,0,5.3481,4.8798,5.2858,0,18.368,2.4318,1.0567,0,0,24.063,0.27827,83.99,2.2628,18.903,0.36267,0,3.0534,5.6515,0.29243,0.0067377,0.026796,0.035505,0.24152,6.3821,9.3611,4.2698,10.486,9.1563,9.7004,11.093,9.8987,0,14.761,2.0282,406.75,8.5671,0,0,7.5919e-10,1.1569e-10,2.2965,0.1538,0.69168,0,0,0,0,0,3.4886,0,5.5853e-11,0,0,8.3181,0.72664,1.6071,7.2884e-11,3390
0.71365,11.007,15.265,4.0564,0,0,24.734,8.7451,0,65.883,5.6348,0,0,0,1.6394,0.46748,5.7191,6.7309,20.882,11.23,1.0396,0.61394,1.4718,0,1.6162,11.189,2.4635,2.3322,36.241,4.2406,1.942,0.56539,0.58809,0,0,10.598,1.4378,1.8982,1.6772,0.40866,0.43363,0.1243,0.14155,24.36,0,0.34116,0.26564,0.83225,0.30588,0.17234,0.15026,1.5951,1.6572,0.64691,0.32669,0.21065,0.28431,3.8212,0.23607,0.81886,0,0.039252,0.096721,0.26377,1.6213,0.16044,0.25302,0.34133,3.0051,2.1947,2.9072,0,49.763,0.36461,0.16559,123.59,0.303,1.2106,4.7237,0.15867,0.21238,0.15075,4.6224,0.14789,1.2381,1.2747,0.37262,0.33959,0.18925,0.76406,0,0,5.7438,31.733,5.4044,1.4977,0,15.522,0,1.202e-11,0,18.342,0,0,1.2169,1.9197,1.2027,0,4.1793,2.8397,1.234,0,0,19.89,0.10947,69.422,2.2062,7.4363,0.14267,0,2.0238,5.7755,0.25905,0.0059686,0.3611,0.47847,0.24682,4.2301,8.2925,3.7824,9.2887,8.1111,8.5931,9.8268,8.7688,0,9.8333,2.3685,81.456,2.4219,0,0,19.937,2.1327,1.8981,0.13624,0.61273,0,0,0,0,1.3106,2.8835,7.4732,3.6103,0,0,5.5413,0.64369,1.6424,13.75,3960
1.9281,29.739,41.242,15.154,0,0,70.568,14.865,0,65.228,46.123,0,0,0,3.6796,1.263,9.1555,10.775,33.43,11.133,8.5099,5.0254,12.047,0,13.229,11.078,2.439,19.09,35.929,34.711,15.896,4.6279,1.3857,0,0.19995,12.515,1.6979,2.2415,1.8486,0.45042,0.21724,0.062273,0.070913,12.204,0,0.92172,0.29279,0.9173,0.15324,12.093,0.075279,0.7991,0.83025,1.7478,0.88262,0.56912,0.76813,6.4955,0.63779,2.2124,0,0.10605,0.7917,0.71263,13.271,0.43347,0.68359,0.92218,8.1191,5.9294,7.8545,0,61.623,0.98507,0.44739,136.22,0.81863,3.2707,12.762,0.42867,0.5738,0.40728,0.89304,0.39956,3.345,3.444,1.0067,0.91747,0.5113,2.0643,0,0,15.518,50.8,44.237,1.9879,0,24.848,0,1.202e-11,0,24.345,0,0,9.9605,2.5479,9.8444,0,34.209,10.609,4.6098,0,0,56.748,0.1453,198.07,3.5073,9.8701,0.18937,0,2.3899,2.8934,0.69989,0.016125,0.39801,0.52737,0.12365,4.9953,22.404,10.219,25.096,21.914,23.216,26.549,23.691,0,1.8998,8.8482,113.02,169.95,0,0,31.916,3.4141,5.4157,0.36809,1.6554,0,0,0,0,2.2279,8.227,11.964,5.7797,0,0,1.0706,1.7391,0.8228,22.012,3850
9.8345,151.69,210.36,35.332,0,0,102.06,88.745,0,314.38,170.92,0,0,0,19.169,6.4421,50.636,59.595,184.89,47.909,31.536,18.623,44.643,0,49.023,53.393,11.755,70.742,154.61,128.63,58.907,17.15,10.838,8.7142,3.7773,35.231,4.7799,6.3104,5.7553,1.4023,1.3787,0.39523,0.45006,77.454,0,4.7014,0.91155,2.8559,0.97257,4.2711,0.47777,5.0716,5.2693,8.9147,4.5019,2.9029,3.9179,38.777,3.2531,11.284,18.559,0.54091,2.9338,3.6349,49.18,2.211,3.4867,4.7037,41.412,30.244,40.063,0,202.17,5.0245,2.282,424.1,4.1755,16.683,65.095,2.1865,2.9267,2.0774,0,2.038,17.062,17.566,5.1349,4.6797,2.6079,10.529,0,0,79.153,280.96,163.93,3.1924,0,137.43,0,1.9277,0,39.096,0,0,36.911,4.0918,36.481,0,126.77,24.734,10.748,0,0,82.069,0.23333,286.45,6.845,15.85,0.3041,0,6.7281,18.363,3.5699,0.08225,1.2391,1.6419,0.78478,14.063,114.28,52.124,128,111.78,118.42,135.42,120.84,1.5139,0,20.63,0,60.023,0,0,176.52,18.882,7.8322,1.8775,8.4437,0,0,0,0,13.3,11.898,66.167,31.966,0,0,0,8.8704,5.222,121.74,4290
33.333,514.13,712.99,32.516,0,0,84.959,352.13,0,548.67,205.12,0,0,0,62.821,21.835,198.52,233.64,724.86,82.491,37.846,22.349,53.575,0,58.833,93.183,20.516,84.898,266.22,154.37,70.694,20.581,71.247,65.864,26.64,180.41,24.477,32.314,50.202,12.232,6.6976,1.9199,2.1863,376.25,150.34,15.935,7.9511,24.911,4.7245,42.291,2.3209,24.636,25.597,30.215,15.259,9.839,13.279,153.86,11.026,38.247,355.99,1.8334,3.5209,12.32,59.021,7.4938,11.818,15.943,140.36,102.51,135.79,0,1100.4,17.03,7.7345,3699.3,14.152,56.544,220.63,7.4109,9.9199,7.0411,0,6.9075,57.828,59.539,17.404,15.861,8.8393,35.688,2.211,16.449,268.28,1101.5,196.73,3.9976,0,538.78,0,36.976,0,48.958,0,0,44.297,5.1239,43.78,0,152.14,22.763,9.8914,0,0,68.319,0.29219,238.46,12.049,19.849,0.38082,0,34.453,89.204,12.1,0.27878,10.809,14.322,3.8122,72.012,387.32,176.67,433.85,378.85,401.36,458.99,409.57,29.038,0,18.986,0,594.33,0,0,692.03,74.028,6.52,6.3635,28.619,0,0,0,0,52.775,9.9046,259.41,125.32,0,0,0,30.065,25.367,477.29,4200
61.996,956.24,1326.1,41.474,0,0,104.36,425.96,0,612.22,297.39,0,0,0,134.8,40.611,239.97,282.43,876.22,91.871,54.87,32.402,77.676,0,85.298,103.98,22.892,123.09,296.49,223.81,102.49,29.84,128.23,119.77,48.207,317.36,43.057,56.844,94.154,22.941,14.365,4.1179,4.6892,807,332.7,29.637,14.913,46.721,10.133,104,4.9779,52.841,54.901,56.198,28.38,18.3,24.698,186.12,20.508,71.136,803.92,3.4099,5.1047,22.914,85.57,13.938,21.98,29.652,261.06,190.66,252.55,0,1947.7,31.674,14.386,6938.1,26.322,105.17,410.36,13.784,18.45,13.096,0,12.847,107.56,110.74,32.37,29.5,16.44,66.376,4.8929,36.402,498.97,1331.5,285.23,11.492,0,651.28,0,83.502,0,140.74,0,0,64.223,14.73,63.474,0,220.57,29.034,12.616,0,0,83.922,0.83996,292.92,21.977,57.059,1.0947,0,60.606,191.33,22.504,0.5185,20.272,26.861,8.1767,126.68,720.39,328.59,806.93,704.63,746.5,853.67,761.76,65.576,0,24.216,0,1461.5,0,0,836.53,89.485,8.0091,11.835,53.229,0,0,0,0,63.839,12.167,313.57,151.49,0,0,0,55.919,54.408,576.96,5035.3
64.166,989.69,1372.5,39.256,0,0,103.1,193.91,0,406.55,411,0,0,0,121.33,42.032,109.68,129.08,400.48,61.513,75.831,44.781,107.35,0,117.88,69.046,15.202,170.11,198.52,309.31,141.65,41.239,77.616,71.89,29.051,195.72,26.554,35.056,48.642,11.852,13.704,3.9283,4.4733,769.85,366.51,30.674,7.7042,24.137,9.6668,168.54,4.7487,50.409,52.374,58.164,29.373,18.94,25.563,84.727,21.225,73.625,973.48,3.5292,7.0548,23.716,118.26,14.425,22.749,30.689,270.2,197.33,261.39,0,1195.1,32.782,14.889,3584.4,27.243,108.85,424.71,14.266,19.096,13.554,25.791,13.297,111.32,114.61,33.503,30.533,17.016,68.698,5.3902,40.101,516.43,608.57,394.19,19.533,0,297.67,0,101.11,0,239.22,0,0,88.757,25.037,87.723,0,304.84,27.481,11.942,0,0,82.905,1.4277,289.37,26.192,96.986,1.8608,0,37.376,182.52,23.292,0.53664,10.473,13.877,7.8003,78.122,745.59,340.08,835.16,729.28,772.62,883.54,788.41,79.407,54.866,22.921,0,2368.5,0,0,382.34,40.9,7.912,12.25,55.091,0,0,0,0,29.061,12.019,143.32,69.239,0,0,30.918,57.875,51.904,263.7,4804.8
49.617,765.29,1061.3,49.218,0,0,105.23,32.992,0,358.94,337.8,0,0,0,73.592,32.502,19.333,22.753,70.591,54.486,62.326,36.805,88.23,0,96.888,60.961,13.421,139.81,175.84,254.22,116.42,33.894,25.732,22.805,9.4142,71.026,9.6362,12.722,12.742,3.1047,7.246,2.0771,2.3653,407.06,311.35,23.719,2.0182,6.3229,5.1113,163.57,2.5109,26.654,27.693,44.976,22.713,14.646,19.767,14.416,16.413,56.932,318.03,2.729,5.7983,18.339,97.198,11.155,17.591,23.731,208.93,152.59,202.12,0,423.63,25.349,11.513,938.96,21.066,84.166,328.41,11.031,14.766,10.481,40.533,10.282,86.078,88.626,25.906,23.61,13.157,53.122,4.5789,34.066,399.34,107.27,323.99,23.101,0,52.469,0,33.033,0,282.91,0,0,72.949,29.609,72.099,0,250.54,34.455,14.972,0,0,84.621,1.6885,295.36,39.26,114.7,2.2006,0,13.564,96.509,18.011,0.41496,2.7434,3.6352,4.1244,28.35,576.54,262.97,645.8,563.92,597.44,683.21,609.65,25.942,86.225,28.738,121.85,2298.7,0,0,67.394,7.2092,8.0758,9.4721,42.6,0,0,0,0,4.9446,12.268,25.262,12.204,0,0,48.59,44.753,27.444,46.481,5780
12.844,198.1,274.73,20.403,0,0,53.182,0,0,51.46,119.05,0,0,0,21.058,8.4134,0,4.1231e-11,1.2738e-09,9.1007,21.965,12.971,31.095,0,34.146,8.7397,1.9242,49.274,29.37,89.593,41.03,11.945,3.1447,1.436,0.86568,16.742,2.2714,2.9987,2.8751,0.70053,1.1686,0.335,0.38148,65.651,0,6.14,0.45536,1.4267,0.82436,72.659,0.40496,4.2987,4.4663,11.643,5.8795,3.7912,5.1168,0,4.2486,14.737,0,0.70643,2.0435,4.7471,34.255,2.8875,4.5537,6.143,54.084,39.498,52.322,0,87.778,6.562,2.9803,211.86,5.4532,21.787,85.014,2.8556,3.8223,2.7131,16.996,2.6616,22.282,22.942,6.7062,6.1116,3.406,13.751,0,0,103.37,0,114.18,22.489,0,5.1792e-10,0,1.202e-11,0,275.42,0,539.97,25.709,28.825,25.41,0,88.299,14.283,6.2066,0,0,42.766,1.6438,149.27,20.422,111.66,2.1423,0,3.1972,15.565,4.6623,0.10742,0.61901,0.82021,0.66519,6.6827,149.24,68.074,167.17,145.98,154.65,176.86,157.81,0,36.155,11.913,64.756,1021.1,0,0,7.5919e-10,1.1569e-10,4.0814,2.452,11.027,0,0,0,0,0,6.2,0,5.5853e-11,0,0,20.374,11.585,4.4262,7.2884e-11,4731
6.4138,98.926,137.19,6.0766,0,0,28.009,0,0,34.382,39.776,0,0,0,8.5433,4.2014,0,4.1231e-11,1.2738e-09,6.5799,7.3389,4.3338,10.389,0,11.409,5.8393,1.2856,16.463,21.235,29.934,13.709,3.9911,1.0297,0,0.065204,11.659,1.5818,2.0883,1.6647,0.40562,1.6074,0.46078,0.52471,90.301,2.6688,3.0661,0.26366,0.82606,1.1339,16.354,0.55701,5.9128,6.1433,5.8139,2.936,1.8932,2.5551,0,2.1216,7.3593,0,0.35277,0.68275,2.3705,11.445,1.4419,2.2739,3.0676,27.008,19.724,26.128,0,56.329,3.2768,1.4882,122.67,2.7231,10.88,42.453,1.426,1.9087,1.3548,12.994,1.3291,11.127,11.456,3.3488,3.0519,1.7008,6.8668,0.039249,0.292,51.621,0,38.149,11.363,0,5.1792e-10,0,1.202e-11,0,139.16,0,1058.9,8.5898,14.564,8.4897,0,29.502,4.2539,1.8485,0,0,22.523,0.83053,78.615,4.5539,56.419,1.0824,0,2.2265,21.409,2.3282,0.053641,0.35842,0.47491,0.91495,4.6538,74.527,33.994,83.48,72.896,77.228,88.316,78.807,0,27.642,3.548,74.414,229.83,0,0,7.5919e-10,1.1569e-10,2.1495,1.2244,5.5067,0,0,0,0,0,3.2653,0,5.5853e-11,0,0,15.577,5.785,6.0881,7.2884e-11,5280
2.6024,40.14,55.666,5.925,0,0,17.886,0,0,42.139,22.333,0,0,0,7.7389,1.7047,0,4.1231e-11,1.2738e-09,7.7248,4.1205,2.4333,5.8332,0,6.4056,7.1567,1.5757,9.2434,24.93,16.807,7.697,2.2409,1.7871,0.15156,0.35186,13.479,1.8288,2.4143,1.4812,0.36091,2.8022,0.80327,0.91472,157.42,0,1.2441,0.2346,0.73501,1.9767,4.6935,0.97103,10.308,10.709,2.359,1.1913,0.76817,1.0368,0,0.86085,2.9861,0,0.14314,0.38334,0.96187,6.4261,0.58507,0.92267,1.2447,10.959,8.0032,10.602,0,67.591,1.3296,0.60386,109.15,1.1049,4.4146,17.226,0.5786,0.77448,0.54973,9.2637,0.5393,4.5149,4.6485,1.3588,1.2383,0.69012,2.7863,0,0,20.946,0,21.42,10.523,0,5.1792e-10,0,1.202e-11,0,128.87,0,231.02,4.8229,13.488,4.7667,0,16.564,4.1478,1.8024,0,0,14.383,0.76912,50.203,1.1597,52.247,1.0024,0,2.5741,37.322,0.94467,0.021765,0.31891,0.42257,1.595,5.3803,30.24,13.793,33.873,29.578,31.336,35.835,31.977,0,19.707,3.4595,92.418,65.959,0,0,7.5919e-10,1.1569e-10,1.3727,0.49682,2.2344,0,0,0,0,0,2.0852,0,5.5853e-11,0,0,11.105,2.3473,10.613,7.2884e-11,3104
0.90613,13.976,19.382,3.177,0,0,14.643,0.24586,0,31.08,12.191,0,0,0,1.5724,0.59356,0.94713,1.1147,3.4583,6.0925,2.2493,1.3283,3.1842,0,3.4966,5.2785,1.1621,5.0458,19.662,9.1746,4.2016,1.2232,0.26682,0,0,9.8256,1.3331,1.7599,0.8531,0.20786,0.31604,0.090594,0.10316,17.754,0,0.43317,0.13512,0.42332,0.22293,0.32814,0.10951,1.1625,1.2078,0.82138,0.41479,0.26746,0.36099,0.10743,0.29973,1.0397,0,0.049838,0.20926,0.33491,3.5078,0.20371,0.32126,0.43339,3.8156,2.7866,3.6913,0,44.986,0.46294,0.21026,62.864,0.38472,1.5371,5.9977,0.20146,0.26966,0.19141,6.3979,0.18778,1.572,1.6185,0.47312,0.43117,0.24029,0.97013,0,0,7.2929,5.2552,11.692,5.7868,0,2.5705,0,1.202e-11,0,70.87,0,170.69,2.6327,7.4172,2.602,0,9.042,2.2241,0.96644,0,0,11.775,0.42296,41.099,1.5557,28.732,0.55126,0,1.8764,4.2093,0.32892,0.0075783,0.18368,0.24338,0.17989,3.922,10.529,4.8026,11.794,10.299,10.911,12.477,11.134,0,13.61,1.855,205.82,4.6114,0,0,3.3017,0.35318,1.1237,0.17298,0.77798,0,0,0,0,0.036848,1.7071,1.2376,0.5979,0,0,7.6698,0.8173,1.197,2.2771,2585
0.82127,12.667,17.567,5.6802,0,0,37.42,0,0,9.9839,19.468,0,0,0,1.7378,0.53798,0,4.1231e-11,1.2738e-09,2.9786,3.5919,2.1211,5.0849,0,5.5838,1.6956,0.37332,8.0576,9.6128,14.651,6.7096,1.9534,1.9524,0.30795,0.41442,13.877,1.8827,2.4855,2.3938,0.58328,0.76866,0.22034,0.25091,43.181,0,0.39261,0.37915,1.1879,0.54221,0.23441,0.26636,2.8274,2.9376,0.74446,0.37595,0.24242,0.32718,0,0.27167,0.94235,0,0.045171,0.33417,0.30355,5.6017,0.18464,0.29117,0.3928,3.4583,2.5256,3.3456,0,70.049,0.41959,0.19057,176.4,0.34869,1.3932,5.436,0.18259,0.24441,0.17348,6.9387,0.17019,1.4248,1.467,0.42881,0.3908,0.21779,0.87929,0,0,6.61,0,18.672,6.1473,0,5.1792e-10,0,1.202e-11,0,75.284,0,0,4.2042,7.8792,4.1552,0,14.439,3.9764,1.7279,0,0,30.091,0.44931,105.03,2.2911,30.522,0.58559,0,2.65,10.238,0.29812,0.0068686,0.5154,0.68293,0.43752,5.5389,9.5431,4.3528,10.689,9.3343,9.889,11.309,10.091,0,14.761,3.3166,391.1,3.2942,0,0,7.5919e-10,1.1569e-10,2.8718,0.15679,0.70513,0,0,0,0,0,4.3625,0,5.5853e-11,0,0,8.3181,0.74076,2.9113,7.2884e-11,2448.1
1.3242,20.425,28.325,7.6094,0,0,31.553,0,0,26.18,22.014,0,0,0,4.5103,0.86744,0.70501,0.82974,2.5742,5.3692,4.0617,2.3985,5.7499,0,6.3141,4.4463,0.97892,9.1114,17.328,16.567,7.5871,2.2089,0,0,0,7.6732,1.041,1.3744,0.89448,0.21795,0.38751,0.11108,0.12649,21.769,0,0.63304,0.14167,0.44386,0.27335,0.77875,0.13428,1.4254,1.481,1.2004,0.60618,0.39087,0.52755,0,0.43803,1.5194,0,0.072834,0.37787,0.48944,6.3343,0.29771,0.46949,0.63335,5.5762,4.0723,5.3945,0,31.669,0.67655,0.30727,65.913,0.56223,2.2463,8.765,0.29441,0.39409,0.27972,4.6224,0.27442,2.2973,2.3653,0.69142,0.63012,0.35116,1.4178,0,0,10.658,3.9118,21.114,2.0445,0,1.9134,0,1.202e-11,0,25.039,0,123.78,4.754,2.6206,4.6986,0,16.328,5.3269,2.3148,0,0,25.373,0.14944,88.561,4.2428,10.151,0.19476,0,1.4653,5.1612,0.48068,0.011075,0.19258,0.25518,0.22057,3.0628,15.387,7.0185,17.236,15.051,15.945,18.234,16.271,0,9.8333,4.443,0,10.944,0,0,2.4576,0.2629,2.4215,0.2528,1.1369,0,0,0,0,0,3.6784,0.92124,0.44506,0,0,5.5413,1.1944,1.4677,1.695,2867
3.5575,54.871,76.095,23.028,0,0,77.751,0,0,184.22,37.946,0,0,0,4.7813,2.3304,0,4.1231e-11,1.2738e-09,28.697,7.0012,4.1344,9.9111,0,10.884,31.287,6.8884,15.706,92.611,28.557,13.078,3.8075,0,0,0,7.8159,1.0604,1.3999,1.8946,0.46163,0.93558,0.26819,0.3054,52.558,0,1.7007,0.30007,0.94013,0.65995,12.476,0.3242,3.4414,3.5756,3.2248,1.6285,1.0501,1.4173,0,1.1768,4.082,0,0.19567,0.65134,1.3149,10.919,0.79979,1.2613,1.7015,14.98,10.94,14.492,0,32.552,1.8175,0.82548,139.61,1.5104,6.0347,23.547,0.79094,1.0587,0.75147,0.89304,0.73722,6.1718,6.3544,1.8575,1.6928,0.94339,3.8088,0,0,28.632,0,36.394,2.1691,0,5.1792e-10,0,1.202e-11,0,26.565,0,0,8.1946,2.7803,8.0991,0,28.144,16.121,7.0051,0,0,62.523,0.15854,218.23,3.3942,10.77,0.20663,0,1.4926,12.461,1.2914,0.029753,0.40791,0.5405,0.53253,3.1198,41.338,18.855,46.304,40.433,42.836,48.986,43.712,0,1.8998,13.446,48.727,175.33,0,0,7.5919e-10,1.1569e-10,5.9669,0.67915,3.0544,0,0,0,0,0,9.0643,0,5.5853e-11,0,0,1.0706,3.2088,3.5435,7.2884e-11,3746.1
11.029,170.1,235.9,33.06,0,0,93.274,33.393,0,233.31,157.6,0,0,0,10.052,7.2243,19.558,23.018,71.413,35.942,29.078,17.171,41.164,0,45.203,39.624,8.7239,65.229,116,118.6,54.316,15.813,6.8701,4.9603,2.2756,25.695,3.4861,4.6023,1.4245,0.34709,0.42115,0.12072,0.13747,23.659,0,5.2722,0.22562,0.70687,0.29708,42.793,0.14594,1.5492,1.6095,9.997,5.0485,3.2553,4.3936,14.591,3.6481,12.654,0,0.60658,2.7052,4.0762,45.347,2.4794,3.9101,5.2748,46.44,33.916,44.927,0,143.17,5.6345,2.559,104.97,4.6825,18.708,72.998,2.452,3.2821,2.3296,0,2.2854,19.133,19.699,5.7584,5.2478,2.9246,11.808,0,0,88.762,108.52,151.16,2.649,0,53.08,0,1.202e-11,0,32.442,0,0,34.034,3.3954,33.638,0,116.89,23.144,10.057,0,0,75.006,0.19362,261.8,3.9599,13.153,0.25235,0,4.907,5.6093,4.0033,0.092236,0.3067,0.40639,0.23972,10.256,128.15,58.452,143.54,125.35,132.8,151.86,135.51,0,0,19.303,0,601.39,0,0,68.179,7.2932,7.1582,2.1054,9.4688,0,0,0,0,5.0047,10.874,25.557,12.347,0,0,0,9.9474,1.5951,47.023,3383.9
24.28,374.49,519.34,43.627,0,0,103.1,235.81,0,310.91,338.57,0,0,0,78.256,15.904,133.21,156.77,486.38,47.397,62.468,36.889,88.431,0,97.109,52.803,11.626,140.13,152.96,254.8,116.69,33.972,44.732,40.779,16.605,116.69,15.831,20.9,80.414,19.593,8.2826,2.3742,2.7036,465.29,165.46,11.607,12.736,39.903,5.8425,98.354,2.8701,30.467,31.654,22.009,11.114,7.1667,9.6726,103.04,8.0314,27.859,624.24,1.3354,5.8115,8.9738,97.419,5.4585,8.6081,11.613,102.24,74.667,98.908,0,706.14,12.404,5.6338,5925.6,10.309,41.186,160.71,5.3981,7.2256,5.1287,0,5.0314,42.122,43.368,12.677,11.553,6.4385,25.995,2.4334,18.104,195.41,739.1,324.73,5.5108,0,361.52,0,64.839,0,67.489,0,0,73.116,7.0634,72.264,0,251.12,30.541,13.271,0,0,82.905,0.40279,289.37,10.72,27.362,0.52496,0,22.284,110.31,8.8134,0.20306,17.313,22.941,4.7144,46.577,282.13,128.68,316.02,275.95,292.35,334.32,298.33,50.919,0,25.473,0,1382.2,0,0,464.35,49.672,7.912,4.6351,20.846,0,0,0,0,35.34,12.019,174.06,84.089,0,0,0,21.899,31.37,320.26,3468.5
50.449,778.13,1079.1,49.902,0,0,140.53,257.95,0,716.41,322.57,0,0,0,129.23,33.047,145.64,171.41,531.78,107.25,59.516,35.146,84.252,0,92.52,121.67,26.788,133.51,346.12,242.76,111.17,32.366,137.2,128.26,51.599,338.9,45.98,60.703,108.74,26.496,16.749,4.8012,5.4673,940.91,256.2,24.117,17.223,53.961,11.815,159.88,5.8039,61.609,64.011,45.73,23.094,14.891,20.098,112.71,16.688,57.886,730.53,2.7748,5.5369,18.646,92.816,11.342,17.886,24.129,212.44,155.14,205.51,0,2081,25.774,11.706,8013.2,21.419,85.578,333.92,11.216,15.014,10.657,0,10.454,87.522,90.112,26.341,24.006,13.378,54.013,3.7679,28.032,406.03,808.1,309.38,15.226,0,395.27,0,75.879,0,186.47,0,0,69.66,19.516,68.849,0,239.25,34.934,15.18,0,0,113.01,1.1129,394.45,10.72,75.6,1.4504,0,64.721,223.08,18.313,0.42192,23.413,31.023,9.5335,135.28,586.21,267.38,656.63,573.38,607.46,694.67,619.87,59.589,0,29.137,0,2246.9,0,0,507.7,54.309,10.785,9.631,43.314,0,0,0,0,38.66,16.384,190.31,91.94,0,0,0,45.503,63.436,350.16,3768
41.911,646.43,896.47,35.982,0,0,95.715,108.75,0,371.86,346.23,0,0,0,71.795,27.454,61.866,72.811,225.89,56.393,63.881,37.724,90.432,0,99.306,63.155,13.905,143.3,182,260.56,119.33,34.74,69.082,63.816,25.821,175.21,23.771,31.382,36.119,8.8008,13.07,3.7466,4.2664,734.24,378.07,20.035,5.7207,17.923,9.2196,223.74,4.5291,48.077,49.951,37.991,19.185,12.371,16.697,47.517,13.863,48.09,728.84,2.3051,5.943,15.49,99.623,9.4222,14.859,20.045,176.48,128.89,170.73,0,1068.2,21.412,9.7249,2661.6,17.794,71.095,277.41,9.318,12.473,8.853,25.791,8.6851,72.709,74.861,21.883,19.943,11.114,44.871,5.5602,41.366,337.32,343.27,332.07,19.275,0,167.9,0,75.703,0,236.06,0,0,74.77,24.706,73.899,0,256.8,25.189,10.946,0,0,76.969,1.4088,268.65,19.121,95.705,1.8362,0,33.459,174.08,15.213,0.35052,7.7766,10.304,7.4395,69.935,487,222.13,545.5,476.34,504.65,577.1,514.96,59.451,54.866,21.009,0,3144.3,0,0,215.66,23.07,7.3455,8.001,35.984,0,0,0,0,16.298,11.159,80.841,39.055,0,0,30.918,37.802,49.503,148.74,3614.1
11.748,181.2,251.29,28.41,0,0,69.517,15.791,0,337.5,175.79,0,0,0,26.133,7.6956,9.6751,11.387,35.327,51.321,32.434,19.153,45.915,0,50.42,57.319,12.62,72.758,165.63,132.29,60.585,17.639,28.227,25.165,10.358,77.022,10.45,13.796,4.1283,1.0059,2.576,0.73841,0.84086,144.71,147.67,5.6161,0.65386,2.0485,1.8171,283.14,0.89263,9.4754,9.8448,10.649,5.3779,3.4677,4.6802,6.8998,3.8861,13.48,261.51,0.64616,3.0174,4.3421,50.581,2.6411,4.1651,5.6189,49.47,36.128,47.858,0,460.73,6.0021,2.726,304.21,4.9879,19.929,77.761,2.6119,3.4962,2.4816,40.533,2.4345,20.381,20.984,6.134,5.5902,3.1154,12.578,2.1717,16.157,94.553,53.683,168.6,13.712,0,26.258,0,27.163,0,167.93,0,170.07,37.963,17.576,37.52,0,130.38,19.888,8.6423,0,0,55.902,1.0022,195.12,11.257,68.083,1.3062,0,14.709,34.309,4.2645,0.098254,0.88884,1.1777,1.4662,30.744,136.51,62.266,152.91,133.52,141.46,161.77,144.35,21.331,86.225,16.588,0,3979,0,0,33.727,3.6078,5.335,2.2428,10.087,0,0,0,0,2.3666,8.1044,12.642,6.1077,0,0,48.59,10.596,9.7564,23.262,3970
14.172,218.59,303.14,16.269,0,0,53.866,0,0,43.49,129.65,0,0,0,18.945,9.2835,0.042124,0.049577,0.15381,7.9243,23.921,14.126,33.863,0,37.186,7.3861,1.6262,53.661,25.574,97.571,44.683,13.009,1.1121,0,0.096409,11.857,1.6087,2.1238,3.1649,0.77116,1.9919,0.57099,0.65021,111.9,0,6.7749,0.50127,1.5705,1.4051,86.257,0.69024,7.3271,7.6127,12.847,6.4875,4.1832,5.6459,0,4.6879,16.261,17.715,0.77948,2.2254,5.238,37.305,3.1861,5.0246,6.7783,59.677,43.583,57.733,0,57.555,7.2405,3.2885,233.22,6.0171,24.041,93.805,3.1509,4.2176,2.9936,16.996,2.9369,24.587,25.314,7.3997,6.7436,3.7582,15.173,0,0,114.06,0.23373,124.35,20.436,0,0.11432,0,1.84,0,250.27,0,539.97,27.998,26.193,27.672,0,96.161,11.389,4.949,0,0,43.316,1.4937,151.19,11.767,101.47,1.9467,0,2.2644,26.53,5.1444,0.11853,0.68142,0.9029,1.1338,4.7329,164.68,75.113,184.46,161.07,170.65,195.15,174.13,1.445,36.155,9.4992,19.415,1212.2,0,0,0.14684,0.015708,4.1339,2.7055,12.168,0,0,0,0,0,6.2798,0.055044,0.026592,0,0,20.374,12.783,7.5443,0.10128,4190.1
2.4478,37.755,52.358,10.926,0,0,36.993,0,0,14.736,64.276,0,0,0,4.5372,1.6034,0.081587,0.09602,0.2979,3.68,11.859,7.0032,16.788,0,18.436,2.5027,0.55101,26.603,11.876,48.372,22.153,6.4494,0,0,0,9.0052,1.2218,1.613,2.0284,0.49423,0.86411,0.2477,0.28207,48.543,0,1.1702,0.32127,1.0065,0.60954,17.52,0.29943,3.1785,3.3024,2.2188,1.1205,0.72252,0.97516,0,0.80969,2.8087,15.184,0.13463,1.1033,0.90471,18.495,0.5503,0.86784,1.1707,10.307,7.5276,9.9715,0,39.91,1.2506,0.56798,149.47,1.0393,4.1523,16.202,0.54421,0.72846,0.51706,12.994,0.50725,4.2466,4.3722,1.2781,1.1648,0.64911,2.6207,0,0,19.701,0.45269,61.648,14.953,0,0.22142,0,1.5771,0,183.12,0,703.13,13.881,19.165,13.719,0,47.673,7.6487,3.3237,0,0,29.748,1.0929,103.83,3.7619,74.241,1.4244,0,1.7197,11.509,0.88853,0.020472,0.43672,0.57867,0.49185,3.5945,28.443,12.974,31.86,27.821,29.474,33.705,30.076,1.2386,27.642,6.3795,0,246.22,0,0,0.28441,0.030424,2.8389,0.4673,2.1016,0,0,0,0,0,4.3127,0.10661,0.051504,0,0,15.577,2.2078,3.2728,0.19616,3536.4
1.2482,19.252,26.698,5.2593,0,0,16.786,0,0,24.705,28.113,0,0,0,4.0206,0.81761,0.16805,0.19778,0.61362,5.1515,5.187,3.0631,7.3429,0,8.0634,4.1958,0.92377,11.636,16.625,21.157,9.6891,2.8208,0,0,0,8.4503,1.1465,1.5136,1.7346,0.42265,0.51703,0.14821,0.16877,29.045,0,0.59668,0.27473,0.86074,0.36471,3.6246,0.17916,1.9018,1.976,1.1314,0.57136,0.36842,0.49725,0,0.41287,1.4322,11.81,0.06865,0.48256,0.46132,8.0892,0.28061,0.44252,0.59697,5.2559,3.8384,5.0846,0,36.477,0.63768,0.28962,127.82,0.52994,2.1173,8.2616,0.2775,0.37145,0.26365,9.2637,0.25865,2.1654,2.2295,0.6517,0.59392,0.33099,1.3363,0,0,10.046,0.93245,26.963,7.9712,0,0.45609,0,1.2267,0,97.622,0,32.736,6.0711,10.217,6.0004,0,20.851,3.6818,1.5999,0,0,13.498,0.58263,47.114,2.2911,39.578,0.75934,0,1.6138,6.8862,0.45307,0.010439,0.37346,0.49485,0.29429,3.373,14.503,6.6154,16.246,14.186,15.029,17.187,15.336,0.96334,19.707,3.0708,202.86,50.937,0,0,0.58583,0.062666,1.2882,0.23828,1.0716,0,0,0,0,0,1.9569,0.21959,0.10609,0,0,11.105,1.1258,1.9582,0.40404,2940
1.1455,17.668,24.502,1.5582,0,0,0.85981,0,0,2.0731,2.6216,0,0,0,2.3681,0.75036,0.1685,0.1983,0.61523,1.8109,0.4837,0.28564,0.68474,0,0.75193,0.35209,0.077517,1.0851,5.8444,1.9729,0.90353,0.26305,0,0,0,5.9783,0.8111,1.0708,0.21508,0.052406,0.52171,0.14955,0.1703,29.308,0,0.5476,0.034065,0.10673,0.36801,0.72068,0.18078,1.919,1.9939,1.0384,0.52437,0.33812,0.45635,0,0.37891,1.3144,0,0.063003,0.045,0.42338,0.75433,0.25752,0.40612,0.54787,4.8236,3.5227,4.6664,0,21.183,0.58523,0.2658,15.849,0.48635,1.9431,7.582,0.25468,0.3409,0.24197,6.3979,0.23738,1.9873,2.0461,0.5981,0.54507,0.30376,1.2264,0,0,9.2194,0.93491,2.5144,2.9496,0,0.45729,0,1.202e-11,0,36.123,0,0,0.56615,3.7806,0.55955,0,1.9444,1.0908,0.474,0,0,0.69142,0.21559,2.4133,4.2428,14.645,0.28098,0,1.1417,6.9486,0.41581,0.0095802,0.046307,0.061359,0.29696,2.3863,13.31,6.0712,14.909,13.019,13.793,15.773,14.075,0,13.61,0.90981,157.75,10.128,0,0,0.58737,0.062832,0.065985,0.21868,0.98349,0,0,0,0,0,0.10024,0.22017,0.10637,0,0,7.6698,1.0332,1.976,0.40511,2436
0.87004,13.419,18.61,2.3579,0,0,25.807,0,0,16.957,14.874,0,0,0,2.3899,0.56992,0,4.1231e-11,1.2738e-09,4.0079,2.7443,1.6206,3.885,0,4.2662,2.8799,0.63406,6.1562,12.934,11.194,5.1263,1.4924,2.6951,1.0106,0.6955,15.661,2.1248,2.8052,0.84536,0.20598,0.89812,0.25745,0.29317,50.454,0,0.41592,0.13389,0.41949,0.63353,0.47105,0.31122,3.3037,3.4324,0.78866,0.39827,0.25681,0.34661,0,0.2878,0.9983,0,0.047853,0.25531,0.32157,4.2798,0.1956,0.30846,0.41612,3.6636,2.6756,3.5442,0,81.092,0.4445,0.20188,62.294,0.3694,1.4759,5.7588,0.19343,0.25892,0.18378,6.9387,0.1803,1.5094,1.5541,0.45427,0.414,0.23072,0.93149,0,0,7.0024,0,14.266,4.387,0,5.1792e-10,0,1.202e-11,0,53.727,0,0,3.2121,5.6231,3.1747,0,11.032,1.6506,0.71727,0,0,20.753,0.32065,72.436,2.2062,21.782,0.41791,0,2.9909,11.962,0.31582,0.0072765,0.18201,0.24117,0.51121,6.2514,10.11,4.6113,11.324,9.8885,10.476,11.98,10.69,0,14.761,1.3767,91.465,6.6198,0,0,7.5919e-10,1.1569e-10,1.9806,0.16609,0.74699,0,0,0,0,0,3.0087,0,5.5853e-11,0,0,8.3181,0.78474,3.4016,7.2884e-11,3087.3
0.66835,10.309,14.296,3.7859,0,0,14.533,0,0,17.377,22.362,0,0,0,3.1769,0.43781,0,4.1231e-11,1.2738e-09,4.0699,4.1259,2.4365,5.8407,0,6.4139,2.9512,0.64976,9.2555,13.135,16.829,7.707,2.2438,2.634,0.95273,0.67236,15.514,2.1049,2.7789,1.0768,0.26238,0.51703,0.14821,0.16877,29.045,0,0.3195,0.17055,0.53434,0.36471,0.36577,0.17916,1.9018,1.976,0.60584,0.30595,0.19728,0.26626,0,0.22108,0.76688,0,0.03676,0.38384,0.24702,6.4344,0.15026,0.23696,0.31966,2.8144,2.0554,2.7227,0,80.183,0.34146,0.15508,79.35,0.28377,1.1337,4.4238,0.14859,0.1989,0.14118,4.6224,0.1385,1.1595,1.1938,0.34897,0.31803,0.17723,0.71556,0,0,5.3792,0,21.448,1.5751,0,5.1792e-10,0,1.202e-11,0,19.29,0,0,4.8292,2.0189,4.7729,0,16.586,2.6503,1.1517,0,0,11.687,0.11513,40.792,5.3742,7.8206,0.15005,0,2.9628,6.8862,0.24261,0.0055897,0.23184,0.3072,0.29429,6.1927,7.7661,3.5423,8.6991,7.5962,8.0476,9.203,8.2121,0,9.8333,2.2105,0,5.1403,0,0,7.5919e-10,1.1569e-10,1.1153,0.12759,0.57383,0,0,0,0,0,1.6943,0,5.5853e-11,0,0,5.5413,0.60283,1.9582,7.2884e-11,2886
1.1563,17.835,24.734,8.3085,0,0,29.265,5.6722,0,147.13,9.2973,0,0,0,3.5485,0.75746,3.9938,4.7004,14.583,23.222,1.7154,1.013,2.4284,0,2.6667,24.988,5.5015,3.8481,74.943,6.9969,3.2043,0.93288,0.045555,0,0,9.2938,1.2609,1.6647,1.7358,0.42294,0.30402,0.087149,0.09924,17.079,0,0.55278,0.27493,0.86134,0.21446,9.6974,0.10535,1.1183,1.1619,1.0482,0.52933,0.34132,0.46067,2.4785,0.3825,1.3268,0,0.0636,0.15959,0.42739,2.6752,0.25996,0.40997,0.55306,4.8692,3.5561,4.7106,0,41.696,0.59077,0.26831,127.91,0.49095,1.9615,7.6538,0.25709,0.34413,0.24426,0.89304,0.23963,2.0061,2.0655,0.60376,0.55023,0.30664,1.238,0,0,9.3067,22.16,8.9171,1.392,0,10.839,0,1.202e-11,0,17.048,0,0,2.0078,1.7842,1.9844,0,6.8958,5.8163,2.5274,0,0,23.533,0.10175,82.14,3.1679,6.9117,0.13261,0,1.7748,4.0492,0.41974,0.0096709,0.37373,0.4952,0.17305,3.7097,13.436,6.1287,15.051,13.142,13.924,15.922,14.208,0,1.8998,4.8512,83.538,136.28,0,0,13.922,1.4893,2.2459,0.22075,0.9928,0,0,0,0,0.8501,3.4117,5.2187,2.5212,0,0,1.0706,1.043,1.1515,9.6022,3143.4
6.1192,94.383,130.89,18.663,0,0,31.207,23.364,0,291.17,31.561,0,0,0,8.3997,4.0084,13.927,16.391,50.852,44.483,5.8231,3.4387,8.2434,0,9.0523,49.451,10.887,13.063,143.56,23.752,10.877,3.1668,3.5096,1.7811,1.0038,17.619,2.3904,3.1558,1.1189,0.27263,0.21662,0.062095,0.07071,12.169,0,2.9253,0.17722,0.55522,0.1528,25.168,0.075063,0.79681,0.82787,5.5469,2.8012,1.8062,2.4378,10.209,2.0242,7.0214,0,0.33657,0.54174,2.2617,9.0813,1.3757,2.1695,2.9267,25.768,18.818,24.928,0,93.203,3.1263,1.4199,82.45,2.5981,10.38,40.503,1.3605,1.8211,1.2926,0,1.2681,10.616,10.93,3.195,2.9118,1.6227,6.5515,0,0,49.25,77.275,30.27,1.7718,0,37.798,0,1.202e-11,0,21.699,0,0,6.8157,2.271,6.7363,0,23.409,13.065,5.6773,0,0,25.095,0.1295,87.59,2.8002,8.7973,0.16878,0,3.3647,2.8851,2.2212,0.051178,0.2409,0.3192,0.1233,7.0327,71.104,32.433,79.646,69.549,73.682,84.26,75.188,0,0,10.897,24.45,353.7,0,0,48.549,5.1934,2.3949,1.1682,5.2538,0,0,0,0,3.5016,3.6381,18.198,8.7918,0,0,0,5.5193,0.82044,33.484,3496.5
24.164,372.71,516.87,33.908,0,0,92.668,128.38,0,498.42,327.11,0,0,0,40.636,15.829,72.887,85.782,266.14,75.074,60.353,35.64,85.438,0,93.822,84.649,18.637,135.39,242.28,246.17,112.74,32.822,31.319,28.09,11.529,84.452,11.458,15.127,20.862,5.0832,6.5137,1.8672,2.1262,365.92,80.952,11.552,3.3042,10.352,4.5947,54.529,2.2571,23.96,24.894,21.904,11.062,7.1326,9.6266,56.094,7.9932,27.727,312.12,1.3291,5.6148,8.9312,94.122,5.4325,8.5671,11.557,101.75,74.311,98.437,0,506.7,12.345,5.607,1537.3,10.26,40.99,159.94,5.3724,7.1912,5.1043,0,5.0075,41.921,43.162,12.617,11.498,6.4079,25.871,1.1905,8.8573,194.48,404.42,313.73,5.3734,0,197.81,0,32.419,0,65.807,0,0,70.641,6.8874,69.818,0,242.62,23.737,10.315,0,0,74.519,0.39275,260.1,4.1296,26.68,0.51187,0,16.128,86.755,8.7714,0.20209,4.4917,5.9516,3.7076,33.71,280.78,128.07,314.51,274.64,290.96,332.73,296.91,25.46,0,19.798,14.728,766.31,0,0,254.08,27.18,7.1117,4.6131,20.747,0,0,0,0,19.24,10.803,95.242,46.012,0,0,0,21.795,24.67,175.24,3562.6
25.893,399.38,553.86,44.712,0,0,107.99,146.99,0,591.56,336.78,0,0,0,75.05,16.962,83.338,98.082,304.3,88.822,62.137,36.694,87.964,0,96.595,100.47,22.12,139.39,286.65,253.45,116.07,33.792,94.141,87.522,35.304,235.43,31.941,42.169,50.022,12.188,27.547,7.8964,8.992,1547.5,229.51,12.378,7.9228,24.822,19.431,112.75,9.5456,101.33,105.28,23.472,11.853,7.6431,10.316,64.227,8.5652,29.711,592.19,1.4242,5.7808,9.5703,96.904,5.8213,9.1803,12.384,109.04,79.63,105.48,0,1440.8,13.229,6.0083,3686.1,10.994,43.924,171.39,5.7569,7.7059,5.4696,0,5.3659,44.922,46.251,13.52,12.321,6.8665,27.723,3.3753,25.112,208.4,462.41,323.01,13.712,0,226.18,0,61.51,0,167.93,0,0,72.729,17.576,71.882,0,249.79,31.301,13.601,0,0,86.839,1.0022,303.1,6.2793,68.083,1.3062,0,44.96,366.89,9.3992,0.21656,10.77,14.271,15.68,93.974,300.88,137.24,337.02,294.29,311.78,356.55,318.16,48.305,0,26.107,0,1584.5,0,0,290.52,31.077,8.2874,4.9432,22.232,0,0,0,0,22.03,12.589,108.9,52.61,0,0,0,23.355,104.33,200.37,4000
53.792,829.68,1150.6,26.745,0,0,66.482,107.39,0,365.63,336.78,0,0,0,70.848,35.236,61.102,71.912,223.1,55.473,62.137,36.694,87.964,0,96.595,62.097,13.672,139.39,179.03,253.45,116.07,33.792,56.084,51.519,20.901,143.97,19.533,25.787,26.427,6.4392,12.942,3.71,4.2248,727.07,216.17,25.715,4.1857,13.114,9.1296,159.55,4.4849,47.608,49.463,48.761,24.624,15.878,21.43,46.922,17.794,61.722,524.7,2.9586,5.7808,19.882,96.904,12.093,19.071,25.728,226.51,165.42,219.13,0,874.93,27.482,12.482,1947.4,22.839,91.248,356.05,11.959,16.008,11.363,25.791,11.147,93.321,96.083,28.086,25.596,14.265,57.591,3.1791,23.652,432.94,339.03,323.01,14.151,0,165.83,0,54.5,0,173.31,0,0,72.729,18.139,71.882,0,249.79,18.723,8.1358,0,0,53.461,1.0343,186.6,3.4225,70.264,1.3481,0,27.494,172.38,19.526,0.44988,5.6899,7.5393,7.3668,57.466,625.05,285.1,700.14,611.37,647.71,740.7,660.95,42.8,54.866,15.616,0,2242.2,0,0,213,22.785,5.1021,10.269,46.184,0,0,0,0,16.094,7.7506,79.842,38.572,0,0,30.918,48.518,49.019,146.91,4190
35.952,554.52,769.01,31.658,0,0,69.695,27.603,0,283.59,261.31,0,0,0,38.691,23.55,16.307,19.192,59.543,43.364,48.213,28.471,68.252,0,74.949,48.164,10.604,108.15,139.95,196.65,90.06,26.22,18.545,16.006,6.6943,53.754,7.2929,9.6281,6.8295,1.6641,4.0461,1.1598,1.3208,227.3,215.28,17.187,1.0817,3.3889,2.8541,93.288,1.4021,14.883,15.463,32.589,16.458,10.612,14.323,12.061,11.892,41.252,305.37,1.9774,4.4854,13.288,75.189,8.0826,12.746,17.195,151.39,110.56,146.46,0,316.77,18.368,8.3422,503.26,15.264,60.986,237.97,7.9931,10.699,7.5943,40.533,7.4503,62.372,64.217,18.772,17.107,9.5338,38.492,3.1661,23.555,289.36,90.482,250.62,19.398,0,44.257,0,31.718,0,237.56,0,0,56.431,24.863,55.773,0,193.81,22.162,9.6304,0,0,56.046,1.4178,195.62,12.955,96.313,1.8478,0,10.265,53.89,13.05,0.30068,1.4704,1.9484,2.3031,21.456,417.76,190.55,467.94,408.62,432.9,495.05,441.75,24.909,86.225,18.485,0,1311,0,0,56.847,6.0809,5.3487,6.8634,30.867,0,0,0,0,4.1369,8.1252,21.309,10.294,0,0,48.59,32.427,15.325,39.207,3581.7
5.5765,86.011,119.28,11.686,0,0,28.216,0,0,39.935,88.029,0,0,0,10.052,3.6529,0.24388,0.28703,0.8905,7.3995,16.242,9.5913,22.992,0,25.249,6.7824,1.4932,36.434,23.88,66.248,30.339,8.8327,1.4374,0,0.21953,12.639,1.7148,2.2638,1.849,0.45052,0.75995,0.21784,0.24807,42.692,0,2.6658,0.29285,0.9175,0.53607,63.517,0.26334,2.7954,2.9044,5.0549,2.5527,1.646,2.2216,0,1.8446,6.3986,4.2179,0.30671,1.511,2.0611,25.329,1.2537,1.9771,2.6671,23.482,17.149,22.717,0,62.392,2.849,1.2939,136.25,2.3676,9.4595,36.911,1.2398,1.6595,1.1779,16.996,1.1556,9.6744,9.9607,2.9116,2.6535,1.4788,5.9704,0,0,44.882,1.3532,84.429,18.38,0,0.66189,0,0.43811,0,225.09,0,634.42,19.01,23.558,18.789,0,65.291,8.1808,3.5549,0,0,22.69,1.3434,79.195,2.3477,91.257,1.7508,0,2.4137,10.122,2.0242,0.046638,0.39809,0.52749,0.43256,5.0449,64.797,29.556,72.582,63.38,67.146,76.786,68.519,0.34405,36.155,6.8233,33.998,892.63,0,0,0.85017,0.090943,2.1654,1.0646,4.7878,0,0,0,0,0,3.2894,0.31868,0.15396,0,0,20.374,5.0298,2.8783,0.58636,4148.9
2.2558,34.793,48.251,5.6793,0,0,24.886,0,0,15.684,37.632,0,0,0,11.056,1.4777,0,4.1231e-11,1.2738e-09,3.82,6.9433,4.1002,9.8291,0,10.794,2.6637,0.58646,15.576,12.328,28.321,12.97,3.7759,0,0,0,8.4883,1.1516,1.5204,2.2049,0.53725,1.4476,0.41496,0.47253,81.321,0,1.0784,0.34923,1.0941,1.0211,17.459,0.50162,5.3248,5.5323,2.0448,1.0326,0.66585,0.89867,0,0.74618,2.5883,0,0.12407,0.64595,0.83374,10.828,0.50714,0.79976,1.0789,9.4989,6.9371,9.1893,0,36.712,1.1525,0.52343,162.48,0.95775,3.8265,14.931,0.50152,0.67132,0.4765,12.994,0.46746,3.9135,4.0293,1.1778,1.0734,0.59819,2.4151,0,0,18.155,0,36.093,9.4302,0,5.1792e-10,0,1.202e-11,0,115.49,0,686.76,8.1268,12.087,8.0321,0,27.911,3.9758,1.7276,0,0,20.012,0.68926,69.849,2.1497,46.822,0.89833,0,1.621,19.28,0.81883,0.018866,0.47473,0.62904,0.82396,3.3882,26.212,11.956,29.361,25.638,27.162,31.061,27.717,0,27.642,3.3161,83.538,245.35,0,0,7.5919e-10,1.1569e-10,1.9098,0.43064,1.9368,0,0,0,0,0,2.9012,0,5.5853e-11,0,0,15.577,2.0346,5.4827,7.2884e-11,3495.6
1.9272,29.725,41.223,4.0612,0,0,17.161,0,0,7.7886,28.011,0,0,0,4.4593,1.2624,0,4.1231e-11,1.2738e-09,2.6546,5.1682,3.052,7.3162,0,8.0341,1.3228,0.29123,11.594,8.567,21.08,9.6539,2.8106,3.6489,1.913,1.0565,17.954,2.4358,3.2158,1.2868,0.31354,0.6103,0.17495,0.19922,34.285,0,0.9213,0.20381,0.63854,0.43051,3.3388,0.21148,2.2449,2.3324,1.747,0.88221,0.56886,0.76777,0,0.63749,2.2113,0,0.106,0.48081,0.7123,8.0598,0.43327,0.68327,0.92175,8.1153,5.9267,7.8509,0,95.275,0.98462,0.44719,94.823,0.81825,3.2692,12.756,0.42847,0.57354,0.4071,9.2637,0.39937,3.3434,3.4424,1.0063,0.91705,0.51106,2.0633,0,0,15.511,0,26.866,6.9274,0,5.1792e-10,0,1.202e-11,0,84.838,0,568.76,6.0491,8.8791,5.9786,0,20.776,2.843,1.2354,0,0,13.8,0.50633,48.166,1.4708,34.395,0.65991,0,3.4286,8.1286,0.69957,0.016118,0.27705,0.3671,0.34738,7.1664,22.394,10.214,25.084,21.904,23.206,26.537,23.68,0,19.707,2.3713,202.35,46.921,0,0,7.5919e-10,1.1569e-10,1.317,0.36792,1.6547,0,0,0,0,0,2.0006,0,5.5853e-11,0,0,11.105,1.7383,2.3115,7.2884e-11,3770
1.5878,24.49,33.962,5.6789,0,0,12.856,0,0,34.568,14.701,0,0,0,3.2694,1.0401,0,4.1231e-11,1.2738e-09,6.6073,2.7124,1.6018,3.8398,0,4.2165,5.8709,1.2926,6.0846,21.324,11.064,5.0667,1.4751,0.98677,0,0.048965,11.556,1.5678,2.0698,0.80053,0.19505,0.74598,0.21384,0.24351,41.907,0,0.75902,0.12679,0.39724,0.52621,0.40121,0.2585,2.744,2.851,1.4393,0.72682,0.46866,0.63254,0,0.52521,1.8218,0,0.087329,0.25234,0.58684,4.23,0.35695,0.56292,0.7594,6.6859,4.8828,6.468,0,55.691,0.81119,0.36842,58.99,0.67412,2.6934,10.509,0.353,0.47251,0.33539,6.3979,0.32903,2.7545,2.8361,0.82902,0.75552,0.42104,1.6999,0,0,12.779,0,14.1,10.137,0,5.1792e-10,0,1.202e-11,0,124.15,0,139.48,3.1747,12.994,3.1377,0,10.904,3.9755,1.7275,0,0,10.338,0.74095,36.085,1.4991,50.333,0.96569,0,2.2068,9.9357,0.57635,0.013279,0.17236,0.22838,0.42461,4.6126,18.449,8.4153,20.666,18.046,19.118,21.863,19.509,0,13.61,3.3158,406.75,5.6383,0,0,7.5919e-10,1.1569e-10,0.98664,0.30311,1.3632,0,0,0,0,0,1.4988,0,5.5853e-11,0,0,7.6698,1.4321,2.8254,7.2884e-11,2862.4
0.72244,11.143,15.453,2.4694,0,0,23.067,0,0,23.309,17.3,0,0,0,1.6941,0.47324,0,4.1231e-11,1.2738e-09,4.9455,3.1919,1.8849,4.5186,0,4.962,3.9587,0.87157,7.1603,15.96,13.019,5.9624,1.7359,0.24947,0,0,9.7839,1.3274,1.7524,1.6259,0.39616,0.65044,0.18645,0.21232,36.54,0,0.34536,0.25752,0.8068,0.45882,0.30865,0.22539,2.3926,2.4858,0.65487,0.33071,0.21325,0.28781,0,0.23897,0.82895,0,0.039735,0.29695,0.26702,4.9779,0.16242,0.25613,0.34553,3.0421,2.2217,2.943,0,44.728,0.3691,0.16763,119.81,0.30673,1.2255,4.7819,0.16062,0.215,0.15261,6.9387,0.14971,1.2533,1.2904,0.37721,0.34377,0.19158,0.77347,0,0,5.8145,0,16.593,4.8481,0,5.1792e-10,0,1.202e-11,0,59.373,0,0,3.736,6.214,3.6925,0,12.831,1.7287,0.75119,0,0,18.549,0.35435,64.743,1.9234,24.071,0.46183,0,1.8684,8.6632,0.26224,0.0060421,0.35006,0.46384,0.37023,3.9053,8.3947,3.829,9.4031,8.211,8.699,9.9478,8.8768,0,14.761,1.4418,388.24,4.3375,0,0,7.5919e-10,1.1569e-10,1.7702,0.13792,0.62027,0,0,0,0,0,2.6891,0,5.5853e-11,0,0,8.3181,0.65162,2.4635,7.2884e-11,3172.9
1.0496,16.189,22.451,4.6516,0,0,25.868,0,0,36.086,23.124,0,0,0,5.3344,0.68755,0,4.1231e-11,1.2738e-09,6.8314,4.2665,2.5195,6.0398,0,6.6324,6.1287,1.3493,9.5708,22.047,17.402,7.9696,2.3202,0,0,0,9.1017,1.2348,1.6302,1.9576,0.47697,0.94581,0.27112,0.30874,53.133,0,0.50176,0.31005,0.97138,0.66717,0.44983,0.32775,3.4791,3.6147,0.95144,0.48047,0.30982,0.41815,0,0.34719,1.2043,0,0.05773,0.39692,0.38794,6.6537,0.23597,0.37213,0.50201,4.4198,3.2278,4.2758,0,40.507,0.53624,0.24355,144.25,0.44564,1.7805,6.9474,0.23336,0.31236,0.22171,4.6224,0.21751,1.8209,1.8748,0.54803,0.49944,0.27834,1.1237,0,0,8.4477,0,22.178,2.0761,0,5.1792e-10,0,1.202e-11,0,25.426,0,0,4.9937,2.6611,4.9355,0,17.151,3.2563,1.415,0,0,20.802,0.15175,72.606,2.0648,10.308,0.19777,0,1.7381,12.597,0.381,0.0087783,0.42147,0.55846,0.53836,3.633,12.196,5.563,13.661,11.929,12.638,14.453,12.897,0,9.8333,2.716,161.24,6.3216,0,0,7.5919e-10,1.1569e-10,1.9852,0.20038,0.90117,0,0,0,0,0,3.0157,0,5.5853e-11,0,0,5.5413,0.94671,3.5822,7.2884e-11,3330.2
1.231,18.987,26.331,8.9103,0,0,40.652,13.564,0,10.224,53.489,0,0,0,3.6038,0.80637,8.4247,9.9151,30.761,3.0141,9.869,5.8279,13.971,0,15.342,1.7364,0.3823,22.139,9.7271,40.254,18.435,5.367,0,0,0,8.1946,1.1118,1.4678,0.51396,0.12523,0.74468,0.21347,0.24308,41.834,0,0.58848,0.081403,0.25504,0.5253,14.104,0.25805,2.7392,2.846,1.1159,0.56351,0.36336,0.49041,5.9267,0.4072,1.4125,0,0.067707,0.91813,0.45498,15.391,0.27675,0.43644,0.58877,5.1836,3.7857,5.0147,0,34.895,0.62892,0.28564,37.873,0.52265,2.0882,8.148,0.27369,0.36634,0.26003,0.89304,0.2551,2.1356,2.1988,0.64274,0.58576,0.32644,1.318,0,0,9.9076,46.745,51.302,0.96295,0,22.864,0,1.202e-11,0,11.793,0,88.046,11.551,1.2343,11.417,0,39.672,6.2376,2.7105,0,0,32.69,0.070383,114.1,5.9399,4.7812,0.091731,0,1.5649,9.9183,0.44684,0.010295,0.11066,0.14662,0.42387,3.2709,14.304,6.5244,16.022,13.991,14.823,16.951,15.125,0,1.8998,5.2026,0,198.21,0,0,29.368,3.1416,3.1197,0.235,1.0569,0,0,0,0,2.0328,4.7392,11.009,5.3183,0,0,1.0706,1.1103,2.8205,20.255,3760
8.0342,123.92,171.85,17.06,0,0,20.893,63.846,0,159.87,114.24,0,0,0,6.5045,5.2628,36.656,43.141,133.84,25.102,21.078,12.447,29.838,0,32.766,27.152,5.9779,47.283,81.012,85.973,39.372,11.463,1.8308,0.19292,0.3684,13.584,1.843,2.4331,0.63421,0.15453,0.3623,0.10386,0.11826,20.353,0,3.8407,0.10045,0.31471,0.25557,29.437,0.12555,1.3327,1.3846,7.2827,3.6778,2.3715,3.2007,27.897,2.6576,9.2186,0,0.44189,1.9609,2.9694,32.871,1.8062,2.8484,3.8426,33.831,24.707,32.729,0,68.241,4.1047,1.8642,46.734,3.4111,13.629,53.178,1.7862,2.391,1.6971,0,1.6649,13.938,14.351,4.1949,3.823,2.1305,8.6017,0,0,64.662,203.39,109.57,1.6475,0,99.484,0,1.202e-11,0,20.176,0,0,24.671,2.1116,24.383,0,84.731,11.943,5.1897,0,0,16.801,0.12041,58.642,9.1643,8.1798,0.15694,0,2.5942,4.8255,2.9163,0.067193,0.13655,0.18093,0.20622,5.4223,93.355,42.582,104.57,91.313,96.74,110.63,98.717,0,0,9.9611,0,413.69,0,0,127.78,13.669,1.6034,1.5338,6.8979,0,0,0,0,9.5687,2.4357,47.899,23.14,0,0,0,7.2465,1.3722,88.131,3766.9
25.165,388.14,538.27,36.245,0,0,78,102.08,0,406.55,198.49,0,0,0,50.057,16.484,58.121,68.404,212.22,61.513,36.622,21.627,51.844,0,56.931,69.046,15.202,82.153,198.52,149.38,68.409,19.916,48.136,44,17.893,124.87,16.941,22.366,19.396,4.7261,7.1878,2.0604,2.3463,403.79,56.044,12.03,3.0721,9.6249,5.0703,45.348,2.4907,26.44,27.47,22.811,11.52,7.4279,10.025,44.602,8.3241,28.875,194.02,1.3841,3.4071,9.3009,57.113,5.6574,8.9219,12.036,105.97,77.388,102.51,0,756.75,12.857,5.8391,1429.3,10.684,42.688,166.57,5.5948,7.489,5.3157,0,5.2148,43.657,44.949,13.139,11.974,6.6732,26.942,0.82422,6.132,202.54,322.49,190.37,5.8667,0,157.74,0,20.152,0,71.848,0,0,42.865,7.5196,42.365,0,147.22,25.373,11.026,0,0,62.724,0.4288,218.93,2.2911,29.129,0.55886,0,23.846,95.734,9.1346,0.21046,4.1761,5.5335,4.0913,49.842,292.41,133.38,327.54,286.01,303.01,346.51,309.2,15.826,0,21.163,0,637.29,0,0,202.61,21.673,5.986,4.8041,21.606,0,0,0,0,15.298,9.0934,75.947,36.691,0,0,0,22.698,27.224,139.74,4140
41.153,634.74,880.25,39.423,0,0,106.96,59.994,0,417.21,297.72,0,0,0,83.793,26.957,34.494,40.596,125.95,63.087,54.931,32.438,77.762,0,85.392,70.857,15.6,123.22,203.6,224.05,102.61,29.873,37.828,34.248,13.992,100.1,13.58,17.929,28.733,7.001,24.355,6.9815,7.9502,1368.2,221.51,19.673,4.5508,14.258,17.18,106.45,8.4396,89.588,93.08,37.304,18.838,12.147,16.395,26.214,13.613,47.219,731.38,2.2634,5.1103,15.21,85.665,9.2517,14.59,19.683,173.29,126.56,167.64,0,603.49,21.025,9.5489,2117.3,17.472,69.808,272.39,9.1494,12.247,8.6929,0,8.528,71.394,73.507,21.487,19.582,10.913,44.059,3.2577,24.236,331.21,191.39,285.55,11.225,0,93.615,0,75.967,0,137.47,0,0,64.294,14.388,63.545,0,220.82,27.598,11.992,0,0,86.014,0.82045,300.22,4.6953,55.734,1.0693,0,19.115,324.38,14.938,0.34417,6.1863,8.1971,13.863,39.954,478.19,218.11,535.63,467.72,495.52,566.66,505.65,59.659,0,23.018,130.12,1496,0,0,120.24,12.863,8.2087,7.8563,35.333,0,0,0,0,8.9914,12.47,45.073,21.775,0,0,0,37.118,92.244,82.932,4327.2
47.153,727.29,1008.6,38.01,0,0,103.6,103.67,0,470.39,406.63,0,0,0,90.351,30.888,59.017,69.458,215.49,70.936,75.025,44.305,106.21,0,116.63,79.889,17.589,168.3,228.93,306.02,140.14,40.801,61.422,56.569,22.921,156.8,21.273,28.085,23.048,5.6159,14.728,4.2217,4.8075,827.35,311.35,22.541,3.6505,11.437,10.389,175.99,5.1034,54.174,56.285,42.743,21.585,13.918,18.785,45.299,15.598,54.105,537.35,2.5935,6.9798,17.428,117,10.601,16.718,22.552,198.56,145.01,192.09,0,954.3,24.091,10.941,1698.4,20.02,79.987,312.11,10.483,14.033,9.9604,25.791,9.7714,81.804,84.225,24.62,22.437,12.504,50.484,4.5789,34.066,379.51,327.46,390,23.674,0,160.17,0,55.814,0,289.93,0,0,87.813,30.344,86.79,0,301.6,26.609,11.563,0,0,83.306,1.7304,290.77,6.1944,117.54,2.2552,0,29.944,196.15,17.116,0.39436,4.9624,6.5753,8.3829,62.587,547.91,249.92,613.73,535.92,567.77,649.28,579.38,43.832,54.866,22.193,0,2473.2,0,0,205.73,22.007,7.9503,9.0018,40.484,0,0,0,0,15.537,12.077,77.118,37.256,0,0,30.918,42.53,55.78,141.89,4130
41.35,637.79,884.48,37.782,0,0,99.969,26.306,0,331.68,294.92,0,0,0,56.396,27.087,15.579,18.335,56.885,50.462,54.414,32.133,77.03,0,84.589,56.331,12.402,122.07,162.85,221.95,101.64,29.592,24.312,21.461,8.8766,67.612,9.1731,12.11,11.021,2.6854,6.0735,1.741,1.9825,341.19,143.22,19.767,1.7456,5.4689,4.2842,104,2.1046,22.341,23.211,37.483,18.929,12.205,16.473,11.495,13.678,47.446,210.89,2.2743,5.0623,15.283,84.86,9.2962,14.66,19.777,174.12,127.16,168.45,0,402.51,21.126,9.5948,812.14,17.556,70.144,273.7,9.1934,12.306,8.7346,40.533,8.5689,71.737,73.86,21.59,19.676,10.965,44.271,2.1063,15.67,332.8,86.442,282.86,22.602,0,42.281,0,21.905,0,276.8,0,0,63.689,28.97,62.947,0,218.74,26.449,11.493,0,0,80.39,1.652,280.59,13.86,112.22,2.1531,0,12.912,80.892,15.01,0.34583,2.3729,3.1442,3.457,26.988,480.48,219.16,538.2,469.97,497.9,569.38,508.08,17.202,86.225,22.06,49.033,1461.5,0,0,54.308,5.8094,7.6719,7.894,35.502,0,0,0,0,3.9426,11.655,20.357,9.8347,0,0,48.59,37.297,23.003,37.456,4323.1
8.9159,137.52,190.71,11.44,0,0,29.924,1.3167,0,24.058,94.614,0,0,0,20.821,5.8404,1.5484,1.8223,5.6537,5.056,17.457,10.309,24.712,0,27.137,4.0859,0.89958,39.16,16.317,71.204,32.608,9.4935,5.032,3.2214,1.5799,21.278,2.8868,3.8111,1.946,0.47416,2.3517,0.67412,0.76765,132.11,2.6688,4.2622,0.30822,0.96565,1.6589,78.11,0.81491,8.6504,8.9876,8.082,4.0814,2.6317,3.5519,0.57535,2.9492,10.23,26.994,0.49038,1.624,3.2953,27.224,2.0044,3.161,4.2643,37.544,27.419,36.32,0,115.84,4.5551,2.0688,143.4,3.7855,15.124,59.014,1.9823,2.6534,1.8833,16.996,1.8476,15.468,15.926,4.6553,4.2425,2.3643,9.5457,0.039249,0.292,71.759,8.5913,90.745,14.848,0,4.2023,0,2.8038,0,181.84,0,836.75,20.432,19.031,20.194,0,70.175,8.0085,3.48,0,0,24.063,1.0853,83.99,12.757,73.722,1.4144,0,4.0634,31.322,3.2364,0.074567,0.41898,0.55517,1.3386,8.4931,103.6,47.255,116.05,101.33,107.36,122.77,109.55,2.2019,36.155,6.6796,74.414,1097.7,0,0,5.3976,0.57739,2.2965,1.7021,7.655,0,0,0,0,0.19734,3.4886,2.0233,0.97745,0,0,20.374,8.0418,8.9069,3.7227,4346.7
3.4818,53.703,74.475,5.3717,0,0,18.33,0,0,42.297,19.333,0,0,0,8.2562,2.2807,0.042124,0.049577,0.15381,7.7482,3.567,2.1064,5.0496,0,5.5451,7.1835,1.5816,8.0018,25.005,14.549,6.6631,1.9398,0,0,0,6.3714,0.86443,1.1412,2.4192,0.58946,0.78949,0.22631,0.25771,44.351,0,1.6645,0.38317,1.2005,0.5569,14,0.27357,2.904,3.0172,3.1561,1.5938,1.0277,1.3871,0,1.1517,3.9951,0,0.1915,0.33185,1.2869,5.5628,0.78276,1.2344,1.6653,14.661,10.707,14.184,0,23.615,1.7788,0.8079,178.27,1.4783,5.9062,23.046,0.7741,1.0362,0.73547,12.994,0.72152,6.0404,6.2192,1.8179,1.6568,0.9233,3.7277,0,0,28.023,0.23373,18.542,11.036,0,0.11432,0,1.202e-11,0,135.16,0,1058.9,4.175,14.146,4.1264,0,14.339,3.7604,1.6341,0,0,14.74,0.80666,51.447,3.7619,54.797,1.0513,0,1.2168,10.515,1.2639,0.029119,0.52087,0.69017,0.44937,2.5432,40.458,18.454,45.318,39.572,41.924,47.943,42.781,0,27.642,3.1365,248.27,196.74,0,0,0.14684,0.015708,1.4067,0.66469,2.9894,0,0,0,0,0,2.1369,0.055044,0.026592,0,0,15.577,3.1404,2.9902,0.10128,3810.1
3.1261,48.217,66.867,2.535,0,0,7.2984,0,0,17.084,5.6788,0,0,0,5.2695,2.0478,0,4.1231e-11,1.2738e-09,4.0266,1.0478,0.61874,1.4833,0,1.6288,2.9015,0.6388,2.3504,12.995,4.2737,1.9572,0.5698,2.014,0.36623,0.43774,14.025,1.9027,2.512,0.91518,0.22299,1.5387,0.44107,0.50227,86.439,0,1.4944,0.14495,0.45413,1.0854,4.3514,0.53319,5.6599,5.8805,2.8337,1.431,0.92274,1.2454,0,1.0341,3.587,0,0.17194,0.097476,1.1554,1.634,0.7028,1.1083,1.4952,13.164,9.6136,12.735,0,70.965,1.5971,0.72537,67.439,1.3273,5.3029,20.692,0.69502,0.93032,0.66034,9.2637,0.64782,5.4233,5.5838,1.6322,1.4875,0.82898,3.3469,0,0,25.16,0,5.4466,7.2239,0,5.1792e-10,0,1.202e-11,0,88.47,0,835.64,1.2264,9.2593,1.2121,0,4.2119,1.7746,0.77115,0,0,5.869,0.528,20.485,5.1479,35.868,0.68816,0,2.6783,20.494,1.1348,0.026145,0.19704,0.26109,0.87582,5.598,36.325,16.569,40.688,35.53,37.641,43.045,38.411,0,19.707,1.4801,438.77,61.151,0,0,7.5919e-10,1.1569e-10,0.5601,0.59679,2.684,0,0,0,0,0,0.85086,0,5.5853e-11,0,0,11.105,2.8196,5.8277,7.2884e-11,3800
2.7396,42.255,58.599,7.4642,0,0,20.344,0,0,22.864,25.742,0,0,0,10.985,1.7946,0,4.1231e-11,1.2738e-09,4.8798,4.7495,2.8047,6.7236,0,7.3833,3.8831,0.85493,10.654,15.748,19.373,8.8719,2.5829,3.7321,1.9916,1.088,18.154,2.4629,3.2516,2.4762,0.60335,1.5153,0.43436,0.49463,85.124,4.4479,1.3096,0.39219,1.2287,1.0689,0.33021,0.52508,5.5738,5.7911,2.4833,1.2541,0.80864,1.0914,0,0.90621,3.1434,2.5307,0.15068,0.44186,1.0125,7.4069,0.6159,0.97128,1.3103,11.536,8.4249,11.16,0,96.511,1.3996,0.63568,182.47,1.1632,4.6472,18.133,0.60908,0.81529,0.57869,6.3979,0.56771,4.7528,4.8934,1.4304,1.3036,0.72648,2.9331,0.065414,0.48666,22.049,0,24.689,10.244,0,5.1792e-10,0,0.26286,0,125.46,0,0,5.5591,13.131,5.4943,0,19.093,5.2253,2.2706,0,0,16.36,0.74877,57.101,2.3194,50.865,0.97588,0,3.4668,20.182,0.99444,0.022912,0.53314,0.70643,0.86249,7.2461,31.833,14.52,35.657,31.137,32.987,37.723,33.661,0.20643,13.61,4.3582,686.76,4.6406,0,0,7.5919e-10,1.1569e-10,1.5613,0.523,2.3521,0,0,0,0,0,2.3717,0,5.5853e-11,0,0,7.6698,2.471,5.7391,7.2884e-11,3384.5
0.43924,6.7748,9.3953,0.013522,0,0,21.449,0,0,36.608,0.59937,0,0,0,1.8238,0.28773,0,4.1231e-11,1.2738e-09,6.9084,0.11059,0.065305,0.15655,0,0.17191,6.2173,1.3688,0.24807,22.295,0.45107,0.20657,0.06014,3.28,1.5639,0.91687,17.067,2.3155,3.057,1.3661,0.33287,0.8828,0.25306,0.28817,49.593,0,0.20998,0.21638,0.67791,0.62272,0.17234,0.30591,3.2473,3.3739,0.39816,0.20107,0.12965,0.17499,0,0.14529,0.50399,0,0.024159,0.010288,0.16234,0.17246,0.098748,0.15573,0.21008,1.8496,1.3508,1.7893,0,89.789,0.22441,0.10192,100.67,0.18649,0.74509,2.9073,0.097655,0.13072,0.092783,6.9387,0.091023,0.76202,0.78457,0.22934,0.20901,0.11648,0.47027,0,0,3.5352,0,0.57486,2.4758,0,5.1792e-10,0,1.202e-11,0,30.321,0,0,0.12944,3.1734,0.12793,0,0.44455,0.009466,0.0041134,0,0,17.248,0.18096,60.202,1.3011,12.293,0.23585,0,3.2593,11.758,0.15944,0.0036735,0.29414,0.38974,0.50249,6.8124,5.1039,2.328,5.717,4.9922,5.2889,6.0482,5.397,0,14.761,0.0078953,219.92,2.4219,0,0,7.5919e-10,1.1569e-10,1.6461,0.083853,0.37712,0,0,0,0,0,2.5005,0,5.5853e-11,0,0,8.3181,0.39618,3.3436,7.2884e-11,2421
1.3444,20.736,28.757,3.897,0,0,20.524,0.71336,0,31.08,20.205,0,0,0,5.6105,0.88066,1.2096,1.4236,4.4167,6.0925,3.7279,2.2014,5.2774,0,5.7952,5.2785,1.1621,8.3627,19.662,15.206,6.9636,2.0273,0.98677,0,0.048965,11.556,1.5678,2.0698,1.9464,0.47426,0.80775,0.23155,0.26367,45.377,0,0.64269,0.30828,0.96585,0.56978,0.92896,0.2799,2.9712,3.087,1.2187,0.61543,0.39684,0.53559,0.3117,0.44471,1.5426,0,0.073945,0.34682,0.4969,5.8137,0.30225,0.47665,0.64301,5.6612,4.1344,5.4767,0,55.691,0.68686,0.31196,143.43,0.57081,2.2806,8.8987,0.2989,0.4001,0.28399,4.6224,0.2786,2.3324,2.4014,0.70196,0.63973,0.35651,1.4394,0,0,10.82,6.7116,19.379,1.3783,0,3.2828,0,1.202e-11,0,16.88,0,493.98,4.3634,1.7667,4.3125,0,14.986,2.7281,1.1855,0,0,16.505,0.10074,57.607,2.5174,6.8436,0.1313,0,2.2068,10.758,0.48801,0.011244,0.41907,0.55528,0.45977,4.6126,15.622,7.1255,17.499,15.28,16.188,18.512,16.519,0,9.8333,2.2754,125.78,13.055,0,0,4.2167,0.45106,1.5751,0.25666,1.1543,0,0,0,0,0.10691,2.3927,1.5806,0.7636,0,0,5.5413,1.2126,3.0593,2.9082,3320
1.8826,29.037,40.268,10.24,0,0,24.954,0,0,96.152,17.054,0,0,0,2.3979,1.2332,0,4.1231e-11,1.2738e-09,15.697,3.1465,1.8581,4.4543,0,4.8914,16.33,3.5953,7.0585,50.66,12.834,5.8776,1.7112,0,0,0,5.561,0.75448,0.99606,1.0533,0.25665,0.45234,0.12966,0.14766,25.411,0,0.89996,0.16683,0.52267,0.31908,5.7978,0.15675,1.6639,1.7287,1.7065,0.86177,0.55568,0.74999,0,0.62273,2.1601,0,0.10354,0.29273,0.6958,4.9071,0.42323,0.66744,0.9004,7.9273,5.7894,7.669,0,18.601,0.9618,0.43683,77.617,0.79929,3.1935,12.461,0.41855,0.56025,0.39766,0.89304,0.39012,3.266,3.3626,0.98295,0.8958,0.49922,2.0155,0,0,15.152,0,16.357,0.69323,0,5.1792e-10,0,1.202e-11,0,8.4898,0,0,3.6829,0.88854,3.64,0,12.649,7.1685,3.115,0,0,20.067,0.050669,70.041,2.6305,3.442,0.066037,0,1.062,6.0246,0.68336,0.015745,0.22678,0.30049,0.25747,2.2197,21.875,9.9778,24.503,21.397,22.668,25.922,23.131,0,1.8998,5.979,166.43,81.478,0,0,7.5919e-10,1.1569e-10,1.9151,0.35939,1.6163,0,0,0,0,0,2.9092,0,5.5853e-11,0,0,1.0706,1.698,1.7132,7.2884e-11,3590
7.6386,117.82,163.39,18.851,0,0,50.834,81.719,0,303.29,58.048,0,0,0,9.4767,5.0037,46.691,54.952,170.49,46.272,10.71,6.3247,15.162,0,16.649,51.509,11.341,24.026,149.33,43.685,20.006,5.8245,11.076,8.9394,3.8674,35.803,4.8575,6.4129,0.97684,0.23801,0.73785,0.21151,0.24085,41.45,0,3.6516,0.15472,0.48472,0.52047,33.917,0.25568,2.7141,2.8199,6.9242,3.4967,2.2547,3.0431,35.707,2.5268,8.7648,0,0.42013,0.99639,2.8233,16.703,1.7173,2.7082,3.6534,32.166,23.491,31.117,0,205.71,3.9026,1.7725,71.982,3.2432,12.958,50.56,1.6983,2.2733,1.6135,0,1.5829,13.252,13.644,3.9884,3.6348,2.0256,8.1782,0,0,61.479,259.07,55.674,2.2256,0,126.72,0,1.202e-11,0,27.256,0,0,12.536,2.8526,12.39,0,43.054,13.197,5.7345,0,0,40.878,0.16267,142.68,5.4307,11.05,0.21201,0,6.8374,9.8273,2.7728,0.063885,0.21032,0.27868,0.41998,14.291,88.76,40.486,99.422,86.818,91.977,105.18,93.857,0,0,11.007,125.76,476.64,0,0,162.76,17.411,3.9012,1.4583,6.5583,0,0,0,0,12.247,5.9263,61.012,29.475,0,0,0,6.8898,2.7946,112.26,3384.9
22.131,341.36,473.39,27.227,0,0,75.371,279.86,0,591.01,116.31,0,0,0,36.4,14.497,157.94,185.88,576.7,88.74,21.46,12.673,30.379,0,33.36,100.37,22.099,48.14,286.39,87.531,40.086,11.67,37.822,34.242,13.99,100.08,13.578,17.926,2.7898,0.67977,5.6087,1.6078,1.8308,315.08,106.75,10.58,0.44187,1.3844,3.9564,96.71,1.9435,20.631,21.435,20.061,10.131,6.5326,8.8168,122.29,7.3208,25.394,299.47,1.2173,1.9965,8.1798,33.467,4.9755,7.8465,10.585,93.194,68.06,90.156,0,603.39,11.307,5.1353,205.58,9.3965,37.542,146.49,4.9205,6.5863,4.6749,0,4.5863,38.395,39.531,11.556,10.531,5.8688,23.695,1.5699,11.68,178.12,876.35,111.55,4.3244,0,428.65,0,31.105,0,52.96,0,0,25.118,5.5428,24.825,0,86.266,19.06,8.2825,0,0,60.61,0.31607,211.55,5.9116,21.471,0.41194,0,19.112,74.702,8.0336,0.18509,0.60066,0.7959,3.1925,39.948,257.16,117.3,288.06,251.54,266.49,304.74,271.93,24.428,0,15.897,0,1359.1,0,0,550.58,58.896,5.7842,4.225,19.002,0,0,0,0,41.943,8.7869,206.38,99.705,0,0,0,19.962,21.243,379.73,4041
58.967,909.51,1261.3,34.321,0,0,99.035,164.29,0,509.32,287.7,0,0,0,128.51,38.627,93.053,109.51,339.77,76.683,53.082,31.347,75.145,0,82.518,86.5,19.044,119.08,247.48,216.51,99.155,28.867,106.71,99.414,40.062,265.64,36.04,47.58,48.531,11.825,14.281,4.0939,4.6618,802.29,318.47,28.189,7.6866,24.082,10.074,150.57,4.9488,52.533,54.581,53.452,26.993,17.405,23.492,71.787,19.505,67.66,814.89,3.2433,4.9383,21.794,82.782,13.257,20.906,28.203,248.3,181.34,240.21,0,1627.7,30.126,13.683,3576.2,25.036,100.03,390.3,13.11,17.549,12.456,0,12.22,102.3,105.33,30.789,28.059,15.637,63.132,4.6836,34.845,474.59,516.31,275.94,13.8,0,252.54,0,84.641,0,169.01,0,0,62.13,17.689,61.406,0,213.39,24.026,10.44,0,0,79.639,1.0087,277.97,2.9134,68.521,1.3146,0,50.729,190.21,21.405,0.49316,10.449,13.845,8.129,106.03,685.19,312.53,767.5,670.2,710.02,811.96,724.54,66.47,0,20.039,0,2116,0,0,324.38,34.699,7.6003,11.257,50.628,0,0,0,0,24.623,11.546,121.59,58.742,0,0,0,53.186,54.091,223.72,4190.1
59.355,915.49,1269.6,35.949,0,0,96.089,115.01,0,548.09,253.79,0,0,0,96.909,38.881,65.384,76.952,238.74,82.405,46.825,27.652,66.288,0,72.792,93.085,20.494,105.04,265.94,190.99,87.468,25.465,93.414,86.835,35.029,233.68,31.705,41.856,20.002,4.8736,13.002,3.7271,4.2442,730.41,338.04,28.374,3.1679,9.9252,9.1715,288.97,4.5055,47.826,49.69,53.804,27.171,17.52,23.646,50.255,19.634,68.106,902.62,3.2646,4.3563,21.938,73.025,13.344,21.044,28.389,249.94,182.53,241.79,0,1430,30.325,13.773,1473.9,25.201,100.69,392.87,13.196,17.664,12.538,25.791,12.3,102.97,106.02,30.991,28.244,15.74,63.548,4.9715,36.986,477.71,362.79,243.41,19.275,0,177.45,0,93.753,0,236.06,0,0,54.807,24.706,54.168,0,188.23,25.166,10.936,0,0,77.27,1.4088,269.7,24.41,95.705,1.8362,0,44.627,173.17,21.545,0.49641,4.3064,5.7062,7.4007,93.277,689.69,314.59,772.55,674.61,714.7,817.3,729.3,73.627,54.866,20.99,0,4061,0,0,227.93,24.382,7.3742,11.331,50.961,0,0,0,0,17.237,11.202,85.438,41.276,0,0,30.918,53.536,49.244,157.2,3717.9
34.5,532.13,737.95,29.639,0,0,84.046,9.4131,0,405.48,197.26,0,0,0,44.01,22.599,6.0942,7.1723,22.252,61.355,36.395,21.493,51.522,0,56.578,68.865,15.162,81.644,198.01,148.45,67.985,19.793,13.873,11.586,4.926,42.525,5.7695,7.6169,9.8321,2.3957,2.9453,0.84429,0.96143,165.46,181.48,16.493,1.5573,4.8789,2.0776,239.14,1.0206,10.834,11.256,31.273,15.793,10.183,13.744,4.113,11.412,39.586,318.03,1.8975,3.386,12.751,56.759,7.7561,12.232,16.501,145.28,106.1,140.54,0,247.3,17.626,8.0053,724.52,14.648,58.523,228.36,7.6703,10.267,7.2876,40.533,7.1493,59.852,61.624,18.013,16.416,9.1487,36.937,2.669,19.856,277.67,33.814,189.19,18.922,0,16.539,0,33.033,0,231.73,0,0,42.599,24.253,42.103,0,146.31,20.749,9.0162,0,0,67.586,1.383,235.9,16.292,93.949,1.8025,0,8.1211,39.229,12.523,0.28854,2.1169,2.805,1.6765,16.974,400.88,182.85,449.04,392.11,415.41,475.05,423.9,25.942,86.225,17.306,0,3360.7,0,0,21.244,2.2725,6.45,6.5862,29.621,0,0,0,0,1.4107,9.7983,7.9633,3.8471,0,0,48.59,31.118,11.155,14.652,3580
9.1043,140.42,194.74,13.372,0,0,42.757,3.0445,0,71.751,68.018,0,0,0,18.799,5.9638,2.5185,2.964,9.1958,12.096,12.55,7.4109,17.766,0,19.509,12.186,2.6829,28.152,39.036,51.188,23.442,6.8248,2.4322,0.76186,0.596,15.03,2.0391,2.692,3.6881,0.89863,0.72674,0.20832,0.23723,40.826,11.565,4.3523,0.58413,1.8301,0.51264,117.94,0.25183,2.6732,2.7774,8.2528,4.1676,2.6873,3.627,1.3303,3.0116,10.446,29.525,0.50075,1.1675,3.365,19.571,2.0468,3.2278,4.3544,38.337,27.998,37.088,0,77.183,4.6514,2.1125,271.77,3.8655,15.444,60.261,2.0241,2.7094,1.9231,16.996,1.8867,15.795,16.262,4.7536,4.3322,2.4143,9.7474,0.17008,1.2654,73.275,13.974,65.237,16.448,0,6.8351,0,3.0667,0,201.44,0,506.71,14.689,21.083,14.518,0,50.449,9.361,4.0678,0,0,34.383,1.2022,120.01,7.5804,81.669,1.5669,0,2.8702,9.6794,3.3048,0.076143,0.79405,1.0521,0.41366,5.9992,105.79,48.254,118.5,103.48,109.63,125.36,111.87,2.4084,36.155,7.8077,86.275,1657.4,0,0,8.7794,0.93914,3.2813,1.7381,7.8167,0,0,0,0,0.45629,4.9847,3.2909,1.5899,0,0,20.374,8.2118,2.7525,6.0551,3690
5.5755,85.997,119.26,8.1872,0,0,30.756,5.5149,0,111.38,29.552,0,0,0,8.3283,3.6523,3.9055,4.5964,14.26,17.945,5.4525,3.2199,7.7187,0,8.4761,18.916,4.1647,12.231,57.914,22.24,10.185,2.9652,1.145,0,0.10883,11.936,1.6194,2.1379,1.545,0.37645,0.76643,0.2197,0.25018,43.056,2.6688,2.6654,0.24471,0.76666,0.54064,29.036,0.26559,2.8192,2.9291,5.054,2.5523,1.6457,2.2212,2.4097,1.8443,6.3975,16.028,0.30666,0.50726,2.0607,8.5032,1.2535,1.9767,2.6667,23.478,17.146,22.713,0,58.043,2.8485,1.2937,113.85,2.3672,9.4579,36.904,1.2396,1.6593,1.1777,12.994,1.1554,9.6727,9.959,2.9112,2.6531,1.4785,5.9694,0.039249,0.292,44.874,21.67,28.344,9.7324,0,10.599,0,1.6648,0,119.19,0,824.51,6.3819,12.474,6.3075,0,21.919,5.7314,2.4905,0,0,24.732,0.71135,86.324,3.1679,48.323,0.92711,0,2.2794,10.208,2.0239,0.04663,0.33265,0.44077,0.43625,4.7643,64.787,29.551,72.569,63.369,67.135,76.773,68.507,1.3074,27.642,4.7804,104.39,408.05,0,0,13.614,1.4564,2.3603,1.0644,4.787,0,0,0,0,0.82653,3.5855,5.1033,2.4655,0,0,15.577,5.0289,2.9028,9.3899,3760
2.0694,31.919,44.265,7.4179,0,0,22.812,0,0,19.238,35.205,0,0,0,2.2952,1.3556,0,4.1231e-11,1.2738e-09,4.3446,6.4955,3.8358,9.1952,0,10.098,3.2673,0.71935,14.571,14.021,26.494,12.133,3.5324,1.805,0.16849,0.35863,13.522,1.8346,2.422,0.94497,0.23025,0.54328,0.15573,0.17734,30.52,0,0.98928,0.14967,0.46891,0.38323,1.0194,0.18826,1.9984,2.0763,1.8759,0.94731,0.61084,0.82443,0,0.68454,2.3745,0,0.11382,0.60429,0.76487,10.13,0.46524,0.73369,0.98977,8.7142,6.3641,8.4302,0,67.857,1.0573,0.48019,69.634,0.87863,3.5104,13.698,0.46009,0.61586,0.43714,9.2637,0.42884,3.5902,3.6964,1.0805,0.98472,0.54877,2.2156,0,0,16.656,0,33.765,10.137,0,5.1792e-10,0,1.202e-11,0,124.15,0,412.8,7.6027,12.994,7.5141,0,26.111,5.1929,2.2565,0,0,18.344,0.74095,64.028,1.8668,50.333,0.96569,0,2.5823,7.2359,0.75119,0.017307,0.20346,0.26959,0.30924,5.3975,24.046,10.968,26.935,23.52,24.918,28.495,25.427,0,19.707,4.3312,121.04,14.326,0,0,7.5919e-10,1.1569e-10,1.7507,0.39507,1.7768,0,0,0,0,0,2.6594,0,5.5853e-11,0,0,11.105,1.8666,2.0577,7.2884e-11,3800
0.29868,4.6069,6.3888,5.3717,0,0,12.501,0,0,12.299,31.088,0,0,0,1.0055,0.19565,0,4.1231e-11,1.2738e-09,3.3203,5.7359,3.3872,8.1199,0,8.9167,2.0888,0.45988,12.867,10.716,23.396,10.714,3.1193,0.33212,0,0,9.9825,1.3544,1.788,1.016,0.24755,0.436,0.12498,0.14232,24.493,0,0.14278,0.16091,0.50415,0.30755,0.67112,0.15108,1.6038,1.6663,0.27075,0.13673,0.088163,0.11899,0,0.0988,0.34272,0,0.016428,0.53362,0.11039,8.9452,0.067149,0.10589,0.14285,1.2577,0.91853,1.2167,0,45.957,0.1526,0.069306,74.866,0.12681,0.50666,1.977,0.066406,0.088888,0.063092,6.3979,0.061895,0.51817,0.53351,0.15595,0.14213,0.079205,0.31978,0,0,2.4039,0,29.817,9.9283,0,5.1792e-10,0,1.202e-11,0,121.59,0,0,6.7136,12.726,6.6354,0,23.058,3.7604,1.6341,0,0,10.053,0.72567,35.088,3.0265,49.296,0.94578,0,1.9064,5.807,0.10842,0.002498,0.21874,0.28984,0.24817,3.9846,3.4706,1.583,3.8876,3.3947,3.5964,4.1128,3.67,0,13.61,3.1365,266.52,9.4315,0,0,7.5919e-10,1.1569e-10,0.95938,0.05702,0.25644,0,0,0,0,0,1.4574,0,5.5853e-11,0,0,7.6698,0.2694,1.6513,7.2884e-11,2753.5
1.1576,17.856,24.762,1.2736,0,0,10.982,0,0,9.951,5.7771,0,0,0,2.6158,0.75832,0,4.1231e-11,1.2738e-09,2.9738,1.0659,0.62945,1.5089,0,1.657,1.69,0.37209,2.3911,9.5971,4.3477,1.9911,0.57967,0.12196,0,0,9.4774,1.2858,1.6975,0.91535,0.22303,0.43452,0.12456,0.14184,24.41,0.88958,0.55341,0.14498,0.45421,0.30651,0.75249,0.15057,1.5983,1.6606,1.0494,0.52993,0.34171,0.46119,0,0.38293,1.3283,0,0.063672,0.099163,0.42787,1.6623,0.26026,0.41043,0.55368,4.8748,3.5601,4.7159,0,42.832,0.59144,0.26862,67.451,0.49151,1.9638,7.6625,0.25738,0.34451,0.24454,6.9387,0.2399,2.0084,2.0678,0.60444,0.55086,0.30699,1.2394,0.013083,0.097333,9.3172,0,5.5409,2.4333,0,5.1792e-10,0,1.202e-11,0,29.8,0,0,1.2476,3.1189,1.2331,0,4.2848,0.89158,0.38743,0,0,8.8312,0.17785,30.824,1.7537,12.082,0.2318,0,1.8099,5.7873,0.42022,0.0096819,0.19708,0.26113,0.24733,3.783,13.452,6.1356,15.068,13.157,13.939,15.94,14.224,0,14.761,0.74364,65.795,10.575,0,0,7.5919e-10,1.1569e-10,0.8428,0.221,0.99393,0,0,0,0,0,1.2803,0,5.5853e-11,0,0,8.3181,1.0442,1.6457,7.2884e-11,3622
0.90613,13.976,19.382,8.9251,0,0,35.731,0,0,65.568,23.018,0,0,0,3.2694,0.59356,0,4.1231e-11,1.2738e-09,11.183,4.2469,2.5079,6.0121,0,6.602,11.136,2.4517,9.527,36.091,17.323,7.9331,2.3096,0,0,0,4.0139,0.54458,0.71895,2.5762,0.62772,0.39785,0.11405,0.12987,22.35,0,0.43317,0.40804,1.2784,0.28064,1.4631,0.13786,1.4634,1.5205,0.82138,0.41479,0.26746,0.36099,0,0.29973,1.0397,0,0.049838,0.3951,0.33491,6.6232,0.20371,0.32126,0.43339,3.8156,2.7866,3.6913,0,9.029,0.46294,0.21026,189.84,0.38472,1.5371,5.9977,0.20146,0.26966,0.19141,4.6224,0.18778,1.572,1.6185,0.47312,0.43117,0.24029,0.97013,0,0,7.2929,0,22.077,2.4593,0,5.1792e-10,0,1.202e-11,0,30.118,0,0,4.9708,3.1521,4.9129,0,17.072,6.248,2.715,0,0,28.733,0.17975,100.29,1.9234,12.211,0.23427,0,0.76653,5.2989,0.32892,0.0075783,0.55467,0.73496,0.22646,1.6022,10.529,4.8026,11.794,10.299,10.911,12.477,11.134,0,9.8333,5.2112,137.23,20.561,0,0,7.5919e-10,1.1569e-10,2.7421,0.17298,0.77798,0,0,0,0,0,4.1656,0,5.5853e-11,0,0,5.5413,0.8173,1.5068,7.2884e-11,3701.7
3.4104,52.603,72.949,21.864,0,0,85.582,5.4613,0,183.75,36.894,0,0,0,4.3864,2.234,3.8754,4.561,14.15,28.627,6.8071,4.0198,9.6364,0,10.582,31.207,6.8708,15.27,92.387,27.765,12.715,3.7019,0,0,0,9.0433,1.2269,1.6198,1.3316,0.32446,0.21964,0.062962,0.071698,12.339,0,1.6303,0.21091,0.66078,0.15494,10.215,0.076112,0.80794,0.83943,3.0915,1.5612,1.0067,1.3587,2.3863,1.1281,3.9132,0,0.18758,0.63328,1.2605,10.616,0.76672,1.2091,1.6312,14.361,10.488,13.893,0,40.146,1.7424,0.79135,98.126,1.448,5.7852,22.574,0.75824,1.0149,0.7204,0.89304,0.70674,5.9166,6.0917,1.7807,1.6228,0.90438,3.6513,0,0,27.449,21.503,35.385,2.4977,0,10.518,0,1.202e-11,0,30.589,0,0,7.9674,3.2014,7.8746,0,27.364,15.306,6.651,0,0,68.821,0.18256,240.21,5.7419,12.402,0.23793,0,1.727,2.9254,1.238,0.028523,0.2867,0.37989,0.12502,3.6097,39.629,18.076,44.389,38.762,41.065,46.961,41.905,0,1.8998,12.766,44.739,143.56,0,0,13.51,1.4451,6.5679,0.65107,2.9281,0,0,0,0,0.81849,9.9773,5.064,2.4465,0,0,1.0706,3.0761,0.8319,9.3175,4630
10.391,160.27,222.26,27.162,0,0,80.245,85.51,0,116.03,141.09,0,0,0,12.751,6.8066,48.82,57.457,178.26,18.631,26.032,15.373,36.851,0,40.468,19.706,4.3386,58.396,60.129,106.18,48.626,14.157,6.2789,4.401,2.0518,24.274,3.2934,4.3479,1.4305,0.34855,0.55585,0.15934,0.18144,31.226,0,4.9673,0.22656,0.70983,0.39209,29.765,0.19261,2.0446,2.1243,9.419,4.7566,3.0671,4.1396,37.364,3.4371,11.923,0,0.57151,2.4218,3.8405,40.597,2.336,3.684,4.9698,43.755,31.955,42.329,0,134.38,5.3087,2.4111,105.41,4.4117,17.626,68.777,2.3102,3.0923,2.1949,0,2.1533,18.027,18.56,5.4254,4.9444,2.7555,11.125,0,0,83.63,270.88,135.32,2.2256,0,132.5,0,1.202e-11,0,27.256,0,0,30.469,2.8526,30.114,0,104.65,19.015,8.2627,0,0,64.529,0.16267,225.23,5.9964,11.05,0.21201,0,4.6357,7.4033,3.7718,0.086903,0.30799,0.40809,0.31639,9.6893,120.74,55.073,135.24,118.1,125.12,143.08,127.67,0,0,15.859,0,418.3,0,0,170.18,18.205,6.1583,1.9837,8.9213,0,0,0,0,12.815,9.3551,63.793,30.819,0,0,0,9.3722,2.1053,117.38,4247
24.805,382.6,530.58,31.087,0,0,73.789,130.52,0,317.04,166.34,0,0,0,55.857,16.249,74.093,87.201,270.54,48.301,30.69,18.124,43.446,0,47.71,53.845,11.855,68.847,155.88,125.18,57.329,16.69,44.365,40.432,16.466,115.8,15.712,20.742,45.271,11.031,5.9962,1.7188,1.9573,336.85,128.99,11.858,7.1703,22.465,4.2297,67.79,2.0778,22.056,22.916,22.485,11.355,7.3218,9.882,57.032,8.2052,28.462,425.16,1.3643,2.8552,9.1681,47.862,5.5766,8.7944,11.864,104.45,76.283,101.05,0,700.68,12.673,5.7557,3336,10.532,42.078,164.19,5.5149,7.382,5.2397,0,5.1403,43.033,44.307,12.952,11.803,6.5779,26.557,1.897,14.113,199.64,411.11,159.54,3.8736,0,201.09,0,44.161,0,47.439,0,0,35.922,4.965,35.503,0,123.37,21.762,9.4567,0,0,59.338,0.28312,207.11,2.7436,19.233,0.369,0,22.115,79.863,9.0041,0.20746,9.7471,12.915,3.413,46.224,288.23,131.47,322.86,281.93,298.68,341.56,304.78,34.68,0,18.151,2.14,952.67,0,0,258.29,27.629,5.6628,4.7354,21.297,0,0,0,0,19.562,8.6025,96.817,46.773,0,0,0,22.373,22.711,178.14,4369.2
56.489,871.29,1208.3,41.148,0,0,107.14,326.87,0,713.07,292.31,0,0,0,124.47,37.003,184.34,216.95,673.07,106.76,53.933,31.849,76.349,0,83.84,121.1,26.663,120.98,344.53,219.98,100.74,29.33,123.23,115.05,46.315,305.35,41.428,54.693,75.698,18.444,14.545,4.1694,4.7479,817.1,250.86,27.004,11.989,37.563,10.26,118.05,5.0402,53.503,55.588,51.206,25.859,16.674,22.504,142.83,18.686,64.817,1064.6,3.107,5.0175,20.879,84.109,12.7,20.028,27.018,237.87,173.72,230.12,0,1873.4,28.86,13.108,5578.1,23.984,95.824,373.9,12.559,16.811,11.932,0,11.706,98.001,100.9,29.495,26.88,14.98,60.479,3.6893,27.448,454.65,1022.8,280.36,12.948,0,500.28,0,110.58,0,158.57,0,0,63.126,16.596,62.39,0,216.8,28.806,12.517,0,0,86.154,0.94637,300.71,9.6735,64.288,1.2334,0,58.313,193.72,20.505,0.47244,16.298,21.595,8.279,121.88,656.39,299.4,735.25,642.03,680.19,777.84,694.09,86.839,0,24.026,0,1659,0,0,642.59,68.738,8.2221,10.784,48.5,0,0,0,0,48.989,12.49,240.87,116.37,0,0,0,50.951,55.089,443.19,4247
51.379,792.48,1099,35.045,0,0,87.046,134.6,0,310.91,366.55,0,0,0,85.251,33.656,76.382,89.895,278.9,47.397,67.63,39.938,95.739,0,105.13,52.803,11.626,151.71,152.96,275.85,126.33,36.779,58.412,53.722,21.782,149.56,20.292,26.789,36.285,8.8411,13.063,3.7446,4.2641,733.84,311.35,24.562,5.747,18.005,9.2146,200.49,4.5266,48.051,49.924,46.574,23.52,15.166,20.469,58.813,16.996,58.954,777.77,2.8259,6.2918,18.99,105.47,11.551,18.216,24.574,216.35,158.01,209.3,0,909.55,26.25,11.922,2673.8,21.814,87.156,340.08,11.423,15.29,10.853,25.791,10.647,89.136,91.774,26.827,24.448,13.625,55.009,4.5789,34.066,413.52,423.81,351.56,16.448,0,207.3,0,80.786,0,201.44,0,0,79.158,21.083,78.236,0,271.87,24.533,10.661,0,0,69.998,1.2022,244.32,11.003,81.669,1.5669,0,28.562,173.98,18.65,0.42971,7.8123,10.352,7.4354,59.7,597.02,272.32,668.74,583.96,618.66,707.48,631.3,63.443,54.866,20.462,0,2817.6,0,0,266.26,28.483,6.6802,9.8086,44.113,0,0,0,0,20.173,10.148,99.808,48.218,0,0,30.918,46.342,49.476,183.64,3980
36.45,562.2,779.66,42.938,0,0,110.54,28.44,0,248.66,297.11,0,0,0,50.544,23.877,16.777,19.745,61.26,38.208,54.818,32.372,77.602,0,85.217,42.231,9.2979,122.97,123.31,223.6,102.4,29.812,16.405,13.98,5.8841,48.609,6.5949,8.7066,8.7238,2.1256,6.184,1.7727,2.0186,347.4,354.94,17.425,1.3817,4.3289,4.3622,209.93,2.1429,22.747,23.634,33.041,16.685,10.759,14.521,12.427,12.057,41.824,435.28,2.0048,5.0999,13.472,85.49,8.1945,12.923,17.433,153.49,112.09,148.49,0,284.94,18.622,8.4577,642.85,15.476,61.831,241.26,8.1038,10.847,7.6995,40.533,7.5534,63.235,65.107,19.032,17.344,9.6658,39.025,5.22,38.835,293.36,93.09,284.96,26.454,0,45.533,0,45.212,0,323.97,0,0,64.162,33.907,63.415,0,220.36,30.059,13.062,0,0,88.887,1.9335,310.25,14.143,131.35,2.52,0,9.2829,82.364,13.231,0.30484,1.8783,2.4888,3.5199,19.403,423.54,193.19,474.42,414.27,438.89,501.9,447.86,35.506,86.225,25.071,0,2950.2,0,0,58.485,6.2562,8.4829,6.9585,31.295,0,0,0,0,4.2624,12.886,21.923,10.591,0,0,48.59,32.877,23.422,40.337,3560
14.243,219.69,304.66,20.792,0,0,66.361,5.4613,0,83.63,132.66,0,0,0,20.632,9.33,3.8754,4.561,14.15,13.849,24.476,14.454,34.65,0,38.05,14.203,3.1271,54.907,44.695,99.836,45.721,13.311,2.7333,1.0467,0.70996,15.753,2.1373,2.8216,3.2215,0.78495,1.5984,0.45818,0.52175,89.791,48.038,6.8089,0.51024,1.5986,1.1275,87.552,0.55387,5.8794,6.1086,12.911,6.52,4.2042,5.6742,2.3863,4.7114,16.343,16.028,0.78339,2.2771,5.2643,38.171,3.2021,5.0498,6.8123,59.977,43.802,58.022,0,81.66,7.2768,3.3049,237.39,6.0473,24.161,94.276,3.1667,4.2387,3.0087,16.996,2.9516,24.71,25.441,7.4368,6.7775,3.777,15.249,0.70648,5.256,114.63,21.503,127.24,27.009,0,10.518,0,1.6648,0,330.77,0,160.99,28.648,34.618,28.315,0,98.393,14.555,6.3249,0,0,53.364,1.9741,186.26,8.9098,134.1,2.5729,0,3.0084,21.288,5.1702,0.11912,0.6936,0.91905,0.90978,6.288,165.5,75.49,185.38,161.88,171.5,196.12,175.01,1.3074,36.155,12.14,13.555,1230.4,0,0,13.51,1.4451,5.0928,2.7191,12.229,0,0,0,0,0.81849,7.7364,5.064,2.4465,0,0,20.374,12.847,6.0537,9.3175,3960
3.8687,59.671,82.751,6.7806,0,0,29.96,0,0,100.7,32.224,0,0,0,8.9746,2.5342,0,4.1231e-11,1.2738e-09,16.369,5.9455,3.511,8.4166,0,9.2425,17.102,3.7654,13.337,52.826,24.251,11.106,3.2333,0,0,0,8.793,1.193,1.5749,0.9216,0.22456,0.82295,0.2359,0.26863,46.231,0,1.8494,0.14597,0.45732,0.58051,23.493,0.28517,3.0271,3.1451,3.5068,1.771,1.1419,1.5412,0,1.2797,4.439,15.184,0.21278,0.55312,1.4299,9.2721,0.86974,1.3716,1.8503,16.291,11.897,15.76,0,38.597,1.9765,0.89768,67.912,1.6426,6.5626,25.607,0.86012,1.1513,0.8172,12.994,0.8017,6.7116,6.9103,2.02,1.8409,1.0259,4.142,0,0,31.137,0,30.906,14.261,0,5.1792e-10,0,1.5771,0,174.65,0,995.1,6.9589,18.279,6.8778,0,23.9,4.7467,2.0627,0,0,24.093,1.0423,84.092,2.0648,70.807,1.3585,0,1.6792,10.961,1.4043,0.032355,0.19842,0.26292,0.46842,3.5098,44.953,20.504,50.354,43.97,46.583,53.271,47.535,1.2386,27.642,3.9591,96.8,330.15,0,0,7.5919e-10,1.1569e-10,2.2993,0.73855,3.3216,0,0,0,0,0,3.4928,0,5.5853e-11,0,0,15.577,3.4894,3.1169,7.2884e-11,3644.1
2.1357,32.941,45.682,8.1266,0,0,26.024,0,0,24.058,29.464,0,0,0,5.1332,1.399,0,4.1231e-11,1.2738e-09,5.056,5.4362,3.2103,7.6957,0,8.4509,4.0859,0.89958,12.195,16.317,22.174,10.155,2.9564,3.8689,2.1211,1.1398,18.482,2.5076,3.3105,1.6119,0.39275,1.0245,0.29368,0.33442,57.553,0,1.021,0.2553,0.79986,0.72267,4.3327,0.35501,3.7685,3.9154,1.9359,0.97764,0.63039,0.85082,0,0.70645,2.4505,0,0.11746,0.50575,0.78935,8.4779,0.48013,0.75718,1.0215,8.9931,6.5678,8.7001,0,98.546,1.0911,0.49556,118.78,0.90676,3.6228,14.136,0.47482,0.63558,0.45113,9.2637,0.44257,3.7051,3.8147,1.1151,1.0162,0.56634,2.2865,0,0,17.189,0,28.259,17.371,0,5.1792e-10,0,1.202e-11,0,212.74,0,390.36,6.3629,22.265,6.2887,0,21.853,5.689,2.4721,0,0,20.927,1.2697,73.044,0.198,86.25,1.6548,0,3.5296,13.645,0.77524,0.017862,0.34705,0.45985,0.58314,7.3774,24.816,11.319,27.797,24.273,25.716,29.408,26.241,0,19.707,4.745,126.03,60.889,0,0,7.5919e-10,1.1569e-10,1.9972,0.40771,1.8336,0,0,0,0,0,3.0339,0,5.5853e-11,0,0,11.105,1.9263,3.8802,7.2884e-11,3770
2.7396,42.255,58.599,3.7432,0,0,11.253,0,0,9.4462,28.44,0,0,0,7.1188,1.7946,0,4.1231e-11,1.2738e-09,2.8992,5.2473,3.0987,7.4283,0,8.1572,1.6043,0.35321,11.771,9.3566,21.403,9.8018,2.8536,3.4541,1.7286,0.98276,17.486,2.3723,3.1319,1.4276,0.34785,0.93718,0.26865,0.30592,52.648,0,1.3096,0.22611,0.70841,0.66108,0.50276,0.32475,3.4473,3.5817,2.4833,1.2541,0.80864,1.0914,0,0.90621,3.1434,0,0.15068,0.48817,1.0125,8.1833,0.6159,0.97128,1.3103,11.536,8.4249,11.16,0,92.378,1.3996,0.63568,105.2,1.1632,4.6472,18.133,0.60908,0.81529,0.57869,6.3979,0.56771,4.7528,4.8934,1.4304,1.3036,0.72648,2.9331,0,0,22.049,0,27.277,6.7634,0,5.1792e-10,0,1.202e-11,0,82.83,0,0,6.1417,8.669,6.0702,0,21.094,2.6204,1.1387,0,0,9.0495,0.49434,31.586,2.1779,33.581,0.64429,0,3.3392,12.482,0.99444,0.022912,0.30737,0.40728,0.53344,6.9795,31.833,14.52,35.657,31.137,32.987,37.723,33.661,0,13.61,2.1856,406.75,7.0654,0,0,7.5919e-10,1.1569e-10,0.86363,0.523,2.3521,0,0,0,0,0,1.3119,0,5.5853e-11,0,0,7.6698,2.471,3.5495,7.2884e-11,3256.8
0.80561,12.426,17.232,5.1176,0,0,40.798,0,0,26.18,23.914,0,0,0,4.0206,0.52772,0,4.1231e-11,1.2738e-09,5.3692,4.4122,2.6056,6.2461,0,6.859,4.4463,0.97892,9.8978,17.328,17.997,8.2419,2.3995,4.4785,2.6978,1.3705,19.947,2.7063,3.5729,2.6681,0.65011,1.4183,0.40656,0.46297,79.676,0,0.38512,0.42259,1.324,1.0005,0.51208,0.49147,5.2171,5.4204,0.73026,0.36878,0.2378,0.32094,0,0.26648,0.92438,0,0.04431,0.41048,0.29776,6.881,0.18111,0.28562,0.38531,3.3924,2.4775,3.2818,0,107.61,0.41159,0.18693,196.61,0.34204,1.3666,5.3324,0.17911,0.23975,0.17017,6.9387,0.16695,1.3976,1.439,0.42064,0.38334,0.21363,0.86252,0,0,6.4839,0,22.936,7.3638,0,5.1792e-10,0,1.202e-11,0,90.183,0,0,5.1643,9.4385,5.1042,0,17.737,3.5826,1.5568,0,0,32.807,0.53823,114.51,2.2911,36.562,0.70148,0,3.8094,18.89,0.29243,0.0067377,0.57445,0.76117,0.80729,7.9622,9.3611,4.2698,10.486,9.1563,9.7004,11.093,9.8987,0,14.761,2.9881,104.55,7.1964,0,0,7.5919e-10,1.1569e-10,3.131,0.1538,0.69168,0,0,0,0,0,4.7563,0,5.5853e-11,0,0,8.3181,0.72664,5.3718,7.2884e-11,3344
0.65073,10.037,13.919,1.4049,0,0,12.729,0,0,22.864,0.25886,0,0,0,2.7572,0.42626,0,4.1231e-11,1.2738e-09,4.8798,0.047761,0.028204,0.067612,0,0.074246,3.8831,0.85493,0.10714,15.748,0.19481,0.089215,0.025974,0.67014,0,0,10.795,1.4646,1.9335,1.5321,0.37331,0.4886,0.14006,0.15949,27.448,5.3375,0.31108,0.24266,0.76027,0.34466,0.82642,0.16931,1.7973,1.8673,0.58986,0.29788,0.19208,0.25924,0,0.21525,0.74666,0,0.035791,0.0044433,0.24051,0.074484,0.14629,0.23071,0.31123,2.7402,2.0012,2.6509,0,50.983,0.33246,0.15099,112.9,0.27628,1.1038,4.3072,0.14468,0.19366,0.13746,4.6224,0.13485,1.1289,1.1623,0.33976,0.30964,0.17256,0.69669,0.078497,0.584,5.2373,0,0.24827,0.80317,0,5.1792e-10,0,1.202e-11,0,9.8363,0,0,0.055902,1.0295,0.055251,0,0.19199,0.9835,0.42737,0,0,10.236,0.058705,35.728,1.4708,3.9879,0.076511,0,2.0615,6.5076,0.23621,0.0054423,0.32987,0.43709,0.27811,4.3089,7.5613,3.4489,8.4697,7.3959,7.8354,8.9603,7.9956,0,9.8333,0.8203,113.02,11.614,0,0,7.5919e-10,1.1569e-10,0.97688,0.12423,0.5587,0,0,0,0,0,1.484,0,5.5853e-11,0,0,5.5413,0.58693,1.8506,7.2884e-11,3980
2.4415,37.658,52.224,12.962,0,0,69.638,9.4131,0,17.527,61.19,0,0,0,6.7275,1.5993,6.0942,7.1723,22.252,4.092,11.29,6.667,15.982,0,17.551,2.9767,0.65537,25.326,13.206,46.05,21.089,6.1397,0.38203,0,0,10.102,1.3706,1.8095,2.4435,0.59538,1.2534,0.35928,0.40913,70.41,0,1.1672,0.38701,1.2125,0.88412,11.766,0.43432,4.6103,4.7901,2.2132,1.1176,0.72067,0.97266,4.113,0.80762,2.8015,0,0.13429,1.0503,0.90239,17.607,0.54889,0.86562,1.1677,10.281,7.5083,9.946,0,46.699,1.2474,0.56652,180.06,1.0366,4.1416,16.16,0.54282,0.72659,0.51573,0.89304,0.50595,4.2357,4.361,1.2748,1.1618,0.64745,2.614,0,0,19.65,33.814,58.688,1.5793,0,16.539,0,1.202e-11,0,19.341,0,0,13.214,2.0242,13.06,0,45.384,9.074,3.943,0,0,56,0.11543,195.46,3.2811,7.8413,0.15044,0,1.9293,16.693,0.88626,0.020419,0.5261,0.6971,0.71341,4.0325,28.37,12.94,31.778,27.749,29.398,33.619,29.999,0,1.8998,7.5683,36.814,165.35,0,0,21.244,2.2725,5.3443,0.4661,2.0962,0,0,0,0,1.4107,8.1186,7.9633,3.8471,0,0,1.0706,2.2022,4.7471,14.652,4503.7
11.429,176.28,244.47,33.24,0,0,88.671,57.404,0,219.22,157.61,0,0,0,15.764,7.4867,33.039,38.884,120.64,33.863,29.08,17.172,41.166,0,45.206,37.231,8.1971,65.234,109.28,118.61,54.32,15.814,13.072,10.828,4.6229,40.6,5.5084,7.2721,1.5519,0.37814,1.1459,0.32847,0.37404,64.371,0,5.4637,0.2458,0.7701,0.80829,37.803,0.39707,4.2149,4.3792,10.36,5.2319,3.3736,4.5532,25.083,3.7806,13.114,0,0.62862,2.7054,4.2243,45.35,2.5695,4.0521,5.4664,48.127,35.148,46.559,0,235.39,5.8392,2.652,114.36,4.8526,19.388,75.65,2.541,3.4013,2.4142,0,2.3685,19.828,20.415,5.9675,5.4385,3.0308,12.237,0,0,91.987,183.32,151.17,2.7428,0,89.667,0,1.202e-11,0,33.591,0,0,34.037,3.5156,33.64,0,116.9,23.27,10.112,0,0,71.305,0.20048,248.88,6.0247,13.619,0.26128,0,7.7535,15.262,4.1487,0.095587,0.33414,0.44274,0.65222,16.206,132.81,60.576,148.76,129.9,137.62,157.38,140.43,0,0,19.408,0,531.26,0,0,115.17,12.32,6.8049,2.1819,9.8128,0,0,0,0,8.6031,10.337,43.172,20.857,0,0,0,10.309,4.3399,79.435,3820
33.333,514.13,712.99,29.35,0,0,78.382,235.93,0,333.02,163.42,0,0,0,55.569,21.835,133.28,156.86,486.64,50.66,30.152,17.806,42.684,0,46.872,56.558,12.452,67.638,163.49,122.98,56.322,16.397,70.582,65.235,26.388,178.81,24.26,32.028,25.609,6.2398,5.8333,1.6722,1.9042,327.7,130.77,15.935,4.0561,12.708,4.1148,93.288,2.0214,21.457,22.294,30.215,15.259,9.839,13.279,103.09,11.026,38.247,537.35,1.8334,2.8051,12.32,47.022,7.4938,11.818,15.943,140.36,102.51,135.79,0,1090.5,17.03,7.7345,1887.1,14.152,56.544,220.63,7.4109,9.9199,7.0411,0,6.9075,57.828,59.539,17.404,15.861,8.8393,35.688,1.9232,14.308,268.28,739.5,156.74,4.5158,0,361.71,0,55.814,0,55.304,0,0,35.291,5.7881,34.88,0,121.21,20.546,8.9283,0,0,63.031,0.33006,220,5.3742,22.422,0.43018,0,34.148,77.694,12.1,0.27878,5.5137,7.3058,3.3203,71.374,387.32,176.67,433.85,378.85,401.36,458.99,409.57,43.832,0,17.137,49.611,1311,0,0,464.6,49.699,6.0153,6.3635,28.619,0,0,0,0,35.36,9.1379,174.15,84.135,0,0,0,30.065,22.094,320.43,4070
43.904,677.18,939.11,41.347,0,0,98.597,367.77,0,405.48,310.6,0,0,0,125.33,28.76,207.3,243.97,756.91,61.355,57.307,33.842,81.126,0,89.086,68.865,15.162,128.55,198.01,233.75,107.05,31.165,148.42,138.87,55.848,365.88,49.64,65.534,85.393,20.807,24.325,6.9729,7.9403,1366.5,320.25,20.988,13.525,42.374,17.159,189.26,8.4291,89.477,92.964,39.798,20.098,12.959,17.491,160.7,14.523,50.377,1035.1,2.4148,5.3314,16.227,89.371,9.8704,15.566,20.999,184.88,135.02,178.85,0,2247.9,22.431,10.187,6292.5,18.641,74.476,290.6,9.7612,13.066,9.2741,0,9.0982,76.168,78.422,22.924,20.891,11.643,47.006,4.7098,35.04,353.36,1150.2,297.9,10.822,0,562.6,0,107.51,0,132.53,0,0,67.075,13.871,66.294,0,230.37,28.945,12.578,0,0,79.287,0.79096,276.74,13.86,53.731,1.0309,0,69.872,323.98,15.937,0.36719,18.385,24.361,13.846,146.04,510.16,232.7,571.45,499,528.65,604.55,539.46,84.433,0,24.142,0,2659.7,0,0,722.63,77.301,7.5667,8.3816,37.695,0,0,0,0,55.118,11.495,270.87,130.86,0,0,0,39.6,92.13,498.4,4752
59.107,911.67,1264.3,45.828,0,0,110.15,269.04,0,320.27,418.08,0,0,0,114.87,38.718,151.87,178.74,554.52,48.778,77.138,45.552,109.2,0,119.91,54.393,11.976,173.04,157.42,314.63,144.09,41.95,123.1,114.92,46.265,305.03,41.384,54.635,43.83,10.68,15.174,4.3497,4.9531,852.42,338.04,28.256,6.942,21.749,10.704,296.16,5.2581,55.815,57.991,53.579,27.057,17.447,23.547,117.56,19.552,67.821,1030.8,3.251,7.1763,21.846,120.3,13.288,20.956,28.27,248.9,181.77,240.78,0,1871.4,30.198,13.715,3229.8,25.096,100.27,391.23,13.141,17.59,12.486,25.791,12.249,102.54,105.58,30.862,28.126,15.674,63.282,4.9715,36.986,475.72,842.65,400.98,17.73,0,412.17,0,107.07,0,217.13,0,0,90.286,22.725,89.234,0,310.09,32.082,13.941,0,0,88.578,1.2959,309.17,20.931,88.03,1.6889,0,58.251,202.1,21.456,0.49434,9.4368,12.504,8.6369,121.75,686.82,313.27,769.32,671.79,711.71,813.89,726.26,84.082,54.866,26.758,0,4162,0,0,529.41,56.631,8.4534,11.284,50.748,0,0,0,0,40.322,12.842,198.45,95.871,0,0,30.918,53.313,57.47,365.13,4360
53.679,827.95,1148.2,38.17,0,0,105.59,71.026,0,365.63,345.5,0,0,0,72.513,35.163,40.688,47.886,148.57,55.473,63.746,37.644,90.241,0,99.096,62.097,13.672,143,179.03,260.01,119.08,34.667,28.227,25.165,10.358,77.022,10.45,13.796,9.3701,2.2831,6.7554,1.9365,2.2052,379.5,360.28,25.661,1.4841,4.6496,4.7653,255.12,2.3409,24.849,25.818,48.659,24.573,15.845,21.385,31.035,17.756,61.593,666.42,2.9524,5.9305,19.84,99.413,12.068,19.031,25.674,226.04,165.08,218.67,0,460.73,27.425,12.456,690.47,22.791,91.058,355.31,11.934,15.975,11.339,40.533,11.124,93.126,95.882,28.028,25.543,14.235,57.471,5.2985,39.42,432.04,225.76,331.37,21.575,0,110.43,0,69.22,0,264.22,0,0,74.612,27.653,73.743,0,256.26,26.721,11.611,0,0,84.914,1.5769,296.38,28.794,107.12,2.0552,0,14.709,89.975,19.485,0.44894,2.0174,2.6731,3.8452,30.744,623.75,284.51,698.68,610.1,646.36,739.15,659.57,54.36,86.225,22.287,147.47,3585.3,0,0,141.84,15.172,8.1037,10.248,46.088,0,0,0,0,10.645,12.31,53.167,25.685,0,0,48.59,48.417,25.586,97.825,4130
17.671,272.56,377.99,18.41,0,0,46.854,14.291,0,190.11,80.075,0,0,0,27.834,11.576,8.8327,10.395,32.251,29.566,14.774,8.7246,20.915,0,22.967,32.287,7.1086,33.142,95.417,60.262,27.598,8.0346,7.6442,5.6926,2.5685,27.555,3.7385,4.9356,4.8873,1.1908,3.5885,1.0287,1.1714,201.59,27.577,8.4478,0.77407,2.4252,2.5313,157.41,1.2435,13.2,13.714,16.019,8.0894,5.2161,7.04,6.2443,5.8454,20.277,8.4357,0.97195,1.3745,6.5314,23.041,3.9728,6.2652,8.4519,74.413,54.344,71.988,0,154.68,9.0283,4.1004,360.14,7.5028,29.977,116.97,3.9289,5.259,3.7328,16.996,3.662,30.657,31.565,9.2268,8.4088,4.6861,18.92,0.40557,3.0173,142.23,49.009,76.801,22.255,0,23.972,0,0.8762,0,272.55,0,833.28,17.293,28.525,17.091,0,59.391,12.888,5.6003,0,0,37.678,1.6266,131.51,21.723,110.5,2.12,0,5.2622,47.795,6.4146,0.14779,1.0523,1.3943,2.0426,10.999,205.34,93.66,230.01,200.85,212.78,243.33,217.13,0.6881,36.155,10.749,80.864,2212.2,0,0,30.791,3.2937,3.5958,3.3736,15.172,0,0,0,0,2.1417,5.4624,11.542,5.5759,0,0,20.374,15.939,13.591,21.236,4187
5.2974,81.707,113.31,17.418,0,0,51.735,4.7009,0,36.5,104.66,0,0,0,11.731,3.47,3.4484,4.0585,12.591,6.8925,19.31,11.403,27.336,0,30.019,6.199,1.3648,43.318,22.244,78.764,36.071,10.501,0.88132,0,0.009054,11.302,1.5334,2.0244,2.7898,0.67977,1.3123,0.37617,0.42836,73.719,0,2.5324,0.44187,1.3844,0.92567,36.295,0.45473,4.827,5.0152,4.8019,2.4249,1.5636,2.1104,2.054,1.7523,6.0783,5.0614,0.29136,1.7965,1.9579,30.115,1.1909,1.8781,2.5336,22.307,16.291,21.58,0,54.123,2.7064,1.2292,205.58,2.2491,8.9861,35.063,1.1778,1.5765,1.119,12.994,1.0978,9.1902,9.4621,2.7659,2.5207,1.4048,5.6715,0,0,42.635,19.134,100.38,18.974,0,9.359,0,0.52572,0,232.37,0,54.615,22.602,24.32,22.338,0,77.626,12.193,5.2986,0,0,41.603,1.3868,145.21,4.6953,94.208,1.8075,0,2.1584,17.478,1.9229,0.044304,0.60066,0.7959,0.74694,4.5114,61.554,28.076,68.949,60.208,63.786,72.943,65.089,0.41286,27.642,10.17,173.84,510.07,0,0,12.021,1.2859,3.9704,1.0113,4.5482,0,0,0,0,0.70453,6.0314,4.5061,2.1769,0,0,15.577,4.778,4.9702,8.291,3796.7
2.1746,33.541,46.514,7.1056,0,0,16.13,0,0,65.7,15.059,0,0,0,4.4593,1.4245,0,4.1231e-11,1.2738e-09,11.203,2.7785,1.6408,3.9333,0,4.3192,11.158,2.4567,6.2328,36.154,11.333,5.19,1.511,1.6508,0.022594,0.30026,13.152,1.7843,2.3556,0.8132,0.19814,0.74468,0.21347,0.24308,41.834,0,1.0395,0.1288,0.40353,0.5253,3.2755,0.25805,2.7392,2.846,1.9712,0.99545,0.64188,0.86632,0,0.71932,2.4952,0,0.1196,0.25849,0.80373,4.333,0.48888,0.77097,1.0401,9.1569,6.6874,8.8585,0,65.564,1.111,0.50458,59.924,0.92327,3.6888,14.394,0.48347,0.64715,0.45935,9.2637,0.45063,3.7726,3.8842,1.1354,1.0348,0.57666,2.3282,0,0,17.502,0,14.443,9.2873,0,5.1792e-10,0,1.202e-11,0,113.74,0,394.23,3.2521,11.904,3.2142,0,11.169,4.9743,2.1615,0,0,12.971,0.67882,45.272,2.0082,46.113,0.88472,0,2.5116,9.9183,0.78936,0.018187,0.17509,0.23199,0.42387,5.2496,25.268,11.525,28.304,24.715,26.184,29.943,26.719,0,19.707,4.1488,95.031,46.031,0,0,7.5919e-10,1.1569e-10,1.2378,0.41514,1.867,0,0,0,0,0,1.8804,0,5.5853e-11,0,0,11.105,1.9614,2.8205,7.2884e-11,4373.8
1.7381,26.809,37.178,4.6136,0,0,17.214,0,0,11.759,23.018,0,0,0,3.1448,1.1386,0.10908,0.12838,0.39828,3.2406,4.2469,2.5079,6.0121,0,6.602,1.9971,0.43969,9.527,10.458,17.323,7.9331,2.3096,0,0,0,4.8345,0.65591,0.86593,1.1364,0.27689,0.76853,0.2203,0.25087,43.174,0,0.8309,0.17998,0.56389,0.54212,0.91032,0.26631,2.827,2.9372,1.5755,0.79565,0.51304,0.69243,0,0.57494,1.9943,0,0.095598,0.3951,0.64241,6.6232,0.39075,0.61623,0.83131,7.319,5.3452,7.0805,0,14.106,0.888,0.40331,83.738,0.73796,2.9484,11.505,0.38643,0.51726,0.36715,6.3979,0.36018,3.0154,3.1046,0.90752,0.82706,0.46091,1.8609,0,0,13.989,0.60523,22.077,6.879,0,0.29604,0,1.202e-11,0,84.246,0,0,4.9708,8.8172,4.9129,0,17.072,3.2297,1.4035,0,0,13.843,0.5028,48.317,1.98,34.155,0.6553,0,0.92324,10.236,0.63092,0.014536,0.24466,0.32419,0.43745,1.9297,20.196,9.2121,22.623,19.755,20.929,23.933,21.356,0,13.61,2.6938,328.49,12.793,0,0,0.38024,0.040675,1.3211,0.33181,1.4923,0,0,0,0,0,2.0069,0.14253,0.068859,0,0,7.6698,1.5677,2.9108,0.26225,3173.9
0.81926,12.636,17.524,3.5157,0,0,37.734,0,0,16.604,18.885,0,0,0,1.9243,0.53666,0,4.1231e-11,1.2738e-09,3.9558,3.4844,2.0576,4.9326,0,5.4166,2.8199,0.62086,7.8164,12.766,14.212,6.5087,1.8949,2.666,0.98308,0.6845,15.592,2.1153,2.7927,1.3865,0.33783,0.72636,0.20822,0.2371,40.805,0,0.39165,0.2196,0.68801,0.51238,0.20841,0.2517,2.6719,2.776,0.74264,0.37503,0.24182,0.32638,0,0.271,0.94004,0,0.045061,0.32416,0.3028,5.4339,0.18418,0.29046,0.39184,3.4498,2.5195,3.3374,0,80.66,0.41856,0.1901,102.17,0.34784,1.3897,5.4227,0.18215,0.24381,0.17306,6.9387,0.16977,1.4213,1.4634,0.42776,0.38984,0.21725,0.87713,0,0,6.5938,0,18.113,4.9379,0,5.1792e-10,0,1.202e-11,0,60.473,0,0,4.0783,6.3291,4.0308,0,14.007,2.4612,1.0695,0,0,30.343,0.36091,105.91,3.4225,24.517,0.47038,0,2.9775,9.6744,0.29739,0.0068518,0.29852,0.39555,0.41345,6.2235,9.5197,4.3422,10.663,9.3114,9.8648,11.281,10.066,0,14.761,2.0528,115.68,2.9288,0,0,7.5919e-10,1.1569e-10,2.8958,0.1564,0.7034,0,0,0,0,0,4.399,0,5.5853e-11,0,0,8.3181,0.73895,2.7511,7.2884e-11,3979
0.41503,6.4014,8.8774,2.6389,0,0,5.3919,0,0,35.498,4.6786,0,0,0,1.96,0.27186,0,4.1231e-11,1.2738e-09,6.7446,0.86322,0.50976,1.222,0,1.3419,6.0288,1.3273,1.9364,21.767,3.521,1.6125,0.46944,0.08927,0,0,9.3989,1.2752,1.6835,1.5484,0.37728,0.43452,0.12456,0.14184,24.41,0,0.1984,0.24524,0.76835,0.30651,0.67667,0.15057,1.5983,1.6606,0.37621,0.18999,0.1225,0.16534,0,0.13728,0.47621,0,0.022827,0.080308,0.1534,1.3462,0.093305,0.14714,0.1985,1.7476,1.2763,1.6907,0,42.346,0.21204,0.096302,114.1,0.17621,0.70402,2.7471,0.092272,0.12351,0.087668,4.6224,0.086005,0.72001,0.74132,0.2167,0.19749,0.11006,0.44434,0,0,3.3403,0,4.4873,1.2131,0,5.1792e-10,0,1.202e-11,0,14.857,0,0,1.0104,1.5549,0.99859,0,3.4701,1.8474,0.80275,0,0,4.3359,0.088669,15.134,1.8951,6.0234,0.11556,0,1.7949,5.7873,0.15065,0.003471,0.33338,0.44173,0.24733,3.7516,4.8225,2.1997,5.4019,4.717,4.9974,5.7148,5.0995,0,9.8333,1.5408,55.755,9.5095,0,0,7.5919e-10,1.1569e-10,0.4138,0.079231,0.35633,0,0,0,0,0,0.6286,0,5.5853e-11,0,0,5.5413,0.37434,1.6457,7.2884e-11,3980
0.63876,9.8522,13.663,11.692,0,0,65.153,2.3496,0,46.248,26.401,0,0,0,2.6705,0.41842,2.1283,2.5048,7.7711,8.3313,4.8711,2.8765,6.8957,0,7.5723,7.8545,1.7293,10.927,26.887,19.869,9.099,2.649,0.30455,0,0,9.9163,1.3454,1.7761,1.7498,0.42635,0.55489,0.15906,0.18113,31.172,0,0.30536,0.27714,0.86828,0.39142,19.309,0.19228,2.0411,2.1207,0.57902,0.2924,0.18854,0.25447,1.0267,0.21129,0.73293,0,0.035133,0.45317,0.23609,7.5966,0.1436,0.22646,0.30551,2.6898,1.9644,2.6021,0,45.547,0.32634,0.14822,128.94,0.2712,1.0835,4.228,0.14201,0.19009,0.13493,0.89304,0.13237,1.1082,1.141,0.33352,0.30395,0.16939,0.68388,0,0,5.141,11.809,25.321,1.6114,0,5.7761,0,1.202e-11,0,19.735,0,0,5.7014,2.0655,5.635,0,19.581,8.185,3.5567,0,0,52.393,0.11778,182.87,5.9116,8.0011,0.15351,0,1.8937,7.3905,0.23187,0.0053422,0.37674,0.49919,0.31584,3.9582,7.4223,3.3855,8.3139,7.2599,7.6913,8.7955,7.8485,0,1.8998,6.8268,105.45,271.35,0,0,7.4192,0.79364,5.0001,0.12194,0.54842,0,0,0,0,0.35214,7.5956,2.781,1.3435,0,0,1.0706,0.57614,2.1016,5.117,4360
9.3455,144.15,199.9,19.043,0,0,87.98,67.329,0,254.48,80.075,0,0,0,11.559,6.1218,38.612,45.443,140.98,39.067,14.774,8.7246,20.915,0,22.967,43.22,9.5155,33.142,126.08,60.262,27.598,8.0346,3.4541,1.7286,0.98276,17.486,2.3723,3.1319,1.7354,0.42284,0.62223,0.17837,0.20311,34.955,0,4.4676,0.27486,0.86114,0.43892,35.817,0.21562,2.2888,2.378,8.4714,4.2781,2.7585,3.7231,29.419,3.0914,10.723,0,0.51402,1.3745,3.4541,23.041,2.101,3.3134,4.4698,39.353,28.74,38.071,0,92.378,4.7746,2.1685,127.88,3.9679,15.853,61.858,2.0778,2.7812,1.9741,0,1.9367,16.213,16.693,4.8796,4.447,2.4783,10.006,0,0,75.217,214.24,76.801,1.7202,0,104.79,0,1.202e-11,0,21.067,0,0,17.293,2.2049,17.091,0,59.391,13.331,5.7929,0,0,70.749,0.12573,246.94,14.652,8.5411,0.16387,0,3.3392,8.2874,3.3924,0.07816,0.37364,0.49508,0.35417,6.9795,108.59,49.532,121.64,106.22,112.53,128.69,114.83,0,0,11.119,52.752,503.35,0,0,134.6,14.398,6.7519,1.7841,8.0238,0,0,0,0,10.091,10.257,50.454,24.375,0,0,0,8.4293,2.3567,92.833,5070
24.224,373.64,518.16,34.867,0,0,95.383,96.266,0,412.64,201.09,0,0,0,48.017,15.868,54.859,64.564,200.31,62.412,37.102,21.91,52.523,0,57.677,70.081,15.429,83.23,201.42,151.33,69.305,20.177,42.42,38.592,15.73,111.13,15.077,19.905,23.273,5.6708,6.6977,1.9199,2.1863,376.26,72.946,11.58,3.6862,11.549,4.7246,107.8,2.3209,24.637,25.597,21.959,11.089,7.1504,9.6506,42.064,8.0131,27.796,299.47,1.3324,3.4517,8.9534,57.861,5.446,8.5885,11.586,102.01,74.497,98.683,0,671.76,12.376,5.621,1715,10.285,41.093,160.34,5.3858,7.2092,5.1171,0,5.02,42.026,43.27,12.648,11.527,6.4239,25.936,1.0728,7.9813,194.97,304.39,192.87,5.6004,0,148.89,0,31.105,0,68.587,0,0,43.426,7.1783,42.92,0,149.15,24.409,10.607,0,0,76.702,0.40934,267.72,20.309,27.807,0.5335,0,21.223,89.207,8.7933,0.2026,5.0109,6.6396,3.8123,44.359,281.48,128.39,315.3,275.33,291.69,333.56,297.65,24.428,0,20.358,0,1514.9,0,0,191.24,20.457,7.3201,4.6246,20.799,0,0,0,0,14.428,11.12,71.685,34.631,0,0,0,21.85,25.368,131.9,5200
66.274,1022.2,1417.6,49.959,0,0,127.74,187.16,0,990.97,264.06,0,0,0,144.27,43.413,105.89,124.63,386.65,147.78,48.72,28.771,68.97,0,75.738,168.3,37.054,109.29,476.91,198.72,91.007,26.495,127.67,119.25,47.995,316.02,42.875,56.603,99.321,24.2,19.654,5.6339,6.4156,1104.1,298.9,31.682,15.731,49.285,13.864,176.91,6.8105,72.295,75.113,60.076,30.338,19.562,26.403,81.779,21.923,76.045,761.74,3.6452,4.5326,24.495,75.98,14.899,23.497,31.698,279.07,203.81,269.98,0,1939.4,33.86,15.378,7318.9,28.138,112.42,438.67,14.735,19.723,13.999,0,13.734,114.98,118.38,34.604,31.536,17.575,70.956,4.3958,32.704,533.4,587.55,253.26,12.132,0,287.39,0,79.12,0,148.58,0,0,57.025,15.55,56.36,0,195.85,34.974,15.198,0,0,102.73,0.88675,358.55,45.284,60.238,1.1557,0,60.35,261.77,24.057,0.55428,21.384,28.335,11.187,126.14,770.09,351.26,862.61,753.25,798.01,912.58,814.32,62.135,0,29.17,0,2486.1,0,0,369.14,39.487,9.8035,12.652,56.901,0,0,0,0,28.05,14.893,138.37,66.847,0,0,0,59.777,74.439,254.59,5740
62.188,959.19,1330.2,49.778,0,0,105.17,81.025,0,377.67,419.69,0,0,0,111.48,40.737,46.302,54.493,169.06,57.251,77.435,45.728,109.62,0,120.38,64.142,14.122,173.71,184.76,315.85,144.64,42.111,45.563,41.566,16.92,118.69,16.102,21.258,30.146,7.3452,13.835,3.9658,4.5161,777.2,408.32,29.729,4.7746,14.959,9.7591,295.15,4.7941,50.89,52.874,56.372,28.468,18.356,24.775,35.404,20.571,71.356,919.49,3.4204,7.2039,22.985,120.76,13.981,22.048,29.744,261.87,191.25,253.33,0,718.5,31.772,14.43,2221.4,26.404,105.49,411.62,13.826,18.507,13.136,25.791,12.887,107.89,111.08,32.47,29.592,16.491,66.581,6.005,44.676,500.52,256.91,402.53,22.557,0,125.66,0,95.506,0,276.25,0,0,90.634,28.912,89.578,0,311.28,34.847,15.142,0,0,84.576,1.6487,295.2,29.049,112,2.1488,0,22.665,184.26,22.574,0.5201,6.4905,8.6001,7.8748,47.374,722.62,329.6,809.42,706.81,748.81,856.31,764.11,75.003,54.866,29.065,0,4147.9,0,0,161.41,17.266,8.0714,11.872,53.393,0,0,0,0,12.143,12.261,60.503,29.229,0,0,30.918,56.092,52.399,111.32,5250
49.103,757.36,1050.3,54.075,0,0,105.61,7.664,0,259.07,287.12,0,0,0,66.452,32.165,5.1121,6.0165,18.666,39.745,52.975,31.283,74.993,0,82.352,43.999,9.6871,118.84,128.27,216.08,98.955,28.809,39.919,36.226,14.784,105.12,14.262,18.829,10.553,2.5713,2.9521,0.84623,0.96364,165.84,202.83,23.473,1.6714,5.2366,2.0824,248.34,1.023,10.859,11.282,44.51,22.477,14.494,19.562,3.3488,16.242,56.342,163.65,2.7007,4.9284,18.148,82.615,11.039,17.409,23.485,206.77,151,200.03,0,634.58,25.087,11.394,777.64,20.848,83.294,325.01,10.917,14.613,10.372,40.533,10.175,85.186,87.707,25.638,23.365,13.021,52.571,2.983,22.192,395.2,28.365,275.38,23.926,0,13.874,0,16.998,0,293.02,0,0,62.005,30.667,61.282,0,212.96,37.855,16.45,0,0,84.925,1.7488,296.42,42.428,118.8,2.2792,0,20.075,39.319,17.824,0.41066,2.2721,3.0106,1.6803,41.96,570.56,260.25,639.1,558.08,591.25,676.13,603.33,13.349,86.225,31.574,53.015,3490,0,0,17.821,1.9063,8.1048,9.374,42.158,0,0,0,0,1.1486,12.312,6.68,3.2272,0,0,48.59,44.289,11.181,12.291,4743
17.797,274.5,380.67,29.385,0,0,74.541,12.244,0,134.58,170.46,0,0,0,35.108,11.658,7.6834,9.0427,28.055,21.37,31.451,18.573,44.523,0,48.891,22.856,5.0322,70.552,68.965,128.28,58.749,17.104,7.5043,5.5603,2.5156,27.219,3.6929,4.8753,4.9359,1.2027,3.5885,1.0287,1.1714,201.59,39.142,8.5076,0.78177,2.4493,2.5313,107.68,1.2435,13.2,13.714,16.132,8.1467,5.2531,7.0899,5.3498,5.8869,20.42,102.92,0.97884,2.9259,6.5777,49.048,4.001,6.3096,8.5119,74.94,54.73,72.498,0,152.6,9.0923,4.1295,363.72,7.556,30.189,117.8,3.9567,5.2963,3.7593,16.996,3.688,30.875,31.788,9.2922,8.4684,4.7194,19.054,0.57565,4.2827,143.24,42.632,163.49,29.578,0,20.853,0,10.69,0,362.24,0,0.94442,36.812,37.912,36.383,0,126.43,20.571,8.9389,0,0,59.942,2.1619,209.22,20.422,146.86,2.8177,0,5.198,47.795,6.4601,0.14884,1.0627,1.4081,2.0426,10.865,206.79,94.324,231.64,202.27,214.29,245.06,218.67,8.3952,36.155,17.157,126.14,1513.3,0,0,26.784,2.8651,5.7205,3.3975,15.28,0,0,0,0,1.835,8.6901,10.04,4.8504,0,0,20.374,16.052,13.591,18.473,4480
3.2282,49.793,69.052,13.263,0,0,59.709,0,0,61.695,63.548,0,0,0,5.0757,2.1147,0,4.1231e-11,1.2738e-09,10.611,11.725,6.9239,16.598,0,18.227,10.478,2.3069,26.302,34.246,47.824,21.902,6.3763,0.61788,0,0,10.669,1.4475,1.911,1.2353,0.30099,1.2465,0.35732,0.40689,70.025,0,1.5433,0.19565,0.61298,0.87928,29.71,0.43194,4.5851,4.7639,2.9263,1.4778,0.95289,1.2861,0,1.0679,3.7042,17.715,0.17756,1.0908,1.1932,18.285,0.72576,1.1445,1.544,13.594,9.9277,13.151,0,50.206,1.6493,0.74907,91.028,1.3706,5.4762,21.368,0.71773,0.96072,0.68192,12.994,0.66898,5.6006,5.7663,1.6856,1.5361,0.85607,3.4563,0,0,25.982,0,60.949,18.314,0,5.1792e-10,0,1.84,0,224.29,0,400.52,13.723,23.474,13.564,0,47.133,9.2847,4.0346,0,0,48.015,1.3386,167.59,5.4307,90.933,1.7446,0,2.0375,16.602,1.1718,0.026999,0.26596,0.35241,0.70951,4.2587,37.512,17.11,42.018,36.691,38.871,44.452,39.666,1.445,27.642,7.7441,96.8,417.52,0,0,7.5919e-10,1.1569e-10,4.5823,0.61629,2.7717,0,0,0,0,0,6.961,0,5.5853e-11,0,0,15.577,2.9118,4.7211,7.2884e-11,3850
1.4758,22.763,31.568,8.0639,0,0,30.756,0,0,9.4462,47.955,0,0,0,3.59,0.96675,0,4.1231e-11,1.2738e-09,2.8992,8.8479,5.225,12.525,0,13.754,1.6043,0.35321,19.848,9.3566,36.089,16.528,4.8117,2.3534,0.68735,0.5662,14.84,2.0134,2.6581,0.76442,0.18626,0.82092,0.23532,0.26797,46.117,0.88958,0.70552,0.12107,0.37932,0.57908,3.2755,0.28447,3.0197,3.1374,1.3378,0.67559,0.43563,0.58795,0,0.48818,1.6934,0,0.081173,0.82314,0.54547,13.798,0.33179,0.52324,0.70587,6.2146,4.5386,6.0121,0,76.012,0.754,0.34245,56.329,0.6266,2.5035,9.7686,0.32812,0.43921,0.31175,9.2637,0.30583,2.5604,2.6361,0.77058,0.70226,0.39136,1.5801,0.013083,0.097333,11.878,0,45.994,11.259,0,5.1792e-10,0,1.202e-11,0,137.89,0,0,10.356,14.432,10.235,0,35.568,5.6451,2.453,0,0,24.732,0.82295,86.324,2.8851,55.904,1.0726,0,2.8341,10.934,0.53572,0.012343,0.16458,0.21808,0.46727,5.9236,17.149,7.8221,19.209,16.774,17.771,20.322,18.134,0,19.707,4.7084,401.06,46.031,0,0,7.5919e-10,1.1569e-10,2.3603,0.28175,1.2671,0,0,0,0,0,3.5855,0,5.5853e-11,0,0,11.105,1.3312,3.1092,7.2884e-11,3053
1.3434,20.72,28.735,3.0921,0,0,10.956,0,0,7.7699,17.707,0,0,0,2.3608,0.87999,0,4.1231e-11,1.2738e-09,2.6518,3.267,1.9293,4.6249,0,5.0787,1.3196,0.29053,7.3288,8.5581,13.326,6.1027,1.7767,1.5754,0,0.27176,12.971,1.7598,2.3232,1.016,0.24755,0.91619,0.26263,0.29907,51.469,0,0.6422,0.16091,0.50415,0.64628,0.47611,0.31748,3.3701,3.5015,1.2177,0.61496,0.39653,0.53518,0,0.44437,1.5414,0,0.073888,0.30394,0.49652,5.095,0.30202,0.47628,0.64252,5.6569,4.1313,5.4725,0,64.444,0.68634,0.31172,74.866,0.57037,2.2788,8.8919,0.29867,0.39979,0.28377,6.3979,0.27839,2.3306,2.3996,0.70143,0.63924,0.35624,1.4383,0,0,10.812,0,16.983,5.501,0,5.1792e-10,0,1.202e-11,0,67.37,0,0,3.8239,7.0509,3.7793,0,13.133,2.1646,0.94062,0,0,8.81,0.40208,30.75,2.2911,27.313,0.52403,0,2.477,12.203,0.48764,0.011235,0.21874,0.28984,0.5215,5.1773,15.61,7.1201,17.485,15.268,16.176,18.498,16.506,0,13.61,1.8054,290.87,6.6909,0,0,7.5919e-10,1.1569e-10,0.84077,0.25646,1.1534,0,0,0,0,0,1.2772,0,5.5853e-11,0,0,7.6698,1.2117,3.4701,7.2884e-11,2299.2
0.7116,10.976,15.221,6.7069,0,0,44.873,0,0,67.935,24.04,0,0,0,2.2617,0.46613,0,4.1231e-11,1.2738e-09,11.532,4.4355,2.6193,6.279,0,6.8952,11.538,2.5402,9.95,37.218,18.092,8.2853,2.4121,0,0,0,5.4527,0.73978,0.97666,1.24,0.30213,0.42918,0.12303,0.1401,24.11,0,0.34018,0.1964,0.61531,0.30274,0.24127,0.14872,1.5787,1.6402,0.64504,0.32574,0.21004,0.28349,0,0.23539,0.8165,0,0.039139,0.41264,0.26301,6.9172,0.15998,0.25229,0.34034,2.9965,2.1884,2.8988,0,17.931,0.36355,0.16512,91.374,0.30213,1.2071,4.7101,0.15821,0.21177,0.15031,6.9387,0.14746,1.2345,1.2711,0.37155,0.33861,0.1887,0.76186,0,0,5.7272,0,23.057,9.7348,0,5.1792e-10,0,1.202e-11,0,119.22,0,0,5.1915,12.478,5.131,0,17.83,4.6951,2.0402,0,0,36.085,0.71153,125.95,1.6971,48.335,0.92734,0,1.0413,5.7162,0.2583,0.0059514,0.26698,0.35375,0.24429,2.1765,8.2686,3.7715,9.2619,8.0877,8.5684,9.7985,8.7435,0,14.761,3.9161,526.35,3.3906,0,0,7.5919e-10,1.1569e-10,3.4437,0.13585,0.61096,0,0,0,0,0,5.2314,0,5.5853e-11,0,0,8.3181,0.64184,1.6255,7.2884e-11,3212.3
0.040345,0.62228,0.86298,4.0072,0,0,12.131,0,0,45.038,5.7722,0,0,0,1.8092,0.026428,0.64737,0.7619,2.3638,8.1527,1.065,0.62891,1.5076,0,1.6556,7.649,1.6841,2.3891,26.311,4.344,1.9894,0.57918,1.7871,0.15156,0.35186,13.479,1.8288,2.4143,0.7056,0.17193,0.33834,0.096987,0.11044,19.007,0,0.019287,0.11176,0.35013,0.23866,0.17234,0.11724,1.2446,1.2931,0.036572,0.018469,0.011909,0.016073,0,0.013346,0.046293,0,0.002219,0.099079,0.014912,1.6609,0.0090702,0.014304,0.019296,0.16989,0.12407,0.16435,0,67.591,0.020612,0.0093616,51.995,0.01713,0.068439,0.26705,0.0089699,0.012007,0.0085223,4.6224,0.0083607,0.069993,0.072065,0.021065,0.019198,0.010699,0.043195,0,0,0.32471,3.592,5.5362,0.80317,0,1.757,0,1.202e-11,0,9.8363,0,0,1.2465,1.0295,1.232,0,4.2812,2.8052,1.219,0,0,9.7548,0.058705,34.048,2.0931,3.9879,0.076511,0,2.5741,4.5063,0.014645,0.00033742,0.15192,0.2013,0.19258,5.3803,0.4688,0.21383,0.52512,0.45855,0.4858,0.55554,0.49573,0,9.8333,2.3397,280.84,2.4219,0,0,2.2567,0.2414,0.93095,0.0077021,0.034639,0,0,0,0,0,1.4142,0.84592,0.40867,0,0,5.5413,0.03639,1.2815,1.5565,3150
5.5919,86.249,119.61,24.022,0,0,98.023,21.573,0,178.69,72.373,0,0,0,7.172,3.663,12.922,15.208,47.181,27.88,13.353,7.8854,18.903,0,20.758,30.348,6.6816,29.955,89.977,54.466,24.943,7.2618,0.72542,0,0,10.928,1.4826,1.9573,1.6283,0.39676,0.53954,0.15466,0.17612,30.31,0,2.6732,0.2579,0.80801,0.38059,17.172,0.18696,1.9847,2.062,5.0689,2.5598,1.6506,2.2277,9.4264,1.8497,6.4163,0,0.30756,1.2423,2.0668,20.824,1.2571,1.9825,2.6745,23.547,17.197,22.78,0,51.805,2.8569,1.2975,119.99,2.3742,9.4857,37.013,1.2432,1.6641,1.1812,0.89304,1.1588,9.7011,9.9882,2.9197,2.6608,1.4829,5.9869,0,0,45.006,71.697,69.414,2.3531,0,35.069,0,1.202e-11,0,28.818,0,0,15.629,3.0161,15.447,0,53.679,16.817,7.3075,0,0,78.825,0.17199,275.13,3.9599,11.684,0.22416,0,2.0869,7.1861,2.0298,0.046767,0.35059,0.46454,0.30711,4.3619,64.977,29.638,72.782,63.555,67.332,76.999,68.708,0,1.8998,14.026,52.782,241.32,0,0,45.045,4.8185,7.5227,1.0675,4.8011,0,0,0,0,3.2332,11.428,16.885,8.1572,0,0,1.0706,5.0437,2.0435,31.067,3893
7.9205,122.17,169.42,22.99,0,0,69.414,96.266,0,249.82,113.02,0,0,0,11.221,5.1884,54.859,64.564,200.31,38.379,20.853,12.314,29.52,0,32.416,42.428,9.3413,46.778,123.86,85.055,38.952,11.34,5.8438,3.9894,1.8872,23.229,3.1515,4.1606,1.1268,0.27455,0.47541,0.13628,0.15519,26.707,0,3.7864,0.17847,0.55914,0.33535,29.006,0.16474,1.7487,1.8169,7.1797,3.6258,2.3379,3.1554,42.064,2.62,9.0882,0,0.43564,1.94,2.9275,32.52,1.7807,2.8081,3.7883,33.353,24.358,32.266,0,127.91,4.0466,1.8379,83.032,3.3629,13.436,52.426,1.761,2.3571,1.6731,0,1.6414,13.741,14.148,4.1356,3.7689,2.1004,8.48,0,0,63.748,304.39,108.4,2.2759,0,148.89,0,1.202e-11,0,27.873,0,0,24.407,2.9172,24.123,0,83.826,16.094,6.9936,0,0,55.819,0.16635,194.83,5.9964,11.3,0.21681,0,4.436,6.3319,2.8751,0.066243,0.2426,0.32146,0.2706,9.2718,92.035,41.98,103.09,90.022,95.372,109.06,97.321,0,0,13.423,138.54,407.63,0,0,191.24,20.457,5.3271,1.5121,6.8004,0,0,0,0,14.428,8.0924,71.685,34.631,0,0,0,7.1441,1.8006,131.9,3979
24.28,374.49,519.34,40.077,0,0,91.236,169.33,0,296.63,218.76,0,0,0,69.803,15.904,95.882,112.85,350.1,45.289,40.362,23.835,57.138,0,62.745,50.378,11.092,90.543,146.16,164.63,75.395,21.95,58.545,53.847,21.833,149.88,20.335,26.846,57.121,13.918,12.077,3.4618,3.9421,678.43,143.22,11.607,9.0471,28.345,8.5188,48.701,4.1848,44.423,46.154,22.009,11.114,7.1667,9.6726,73.989,8.0314,27.859,457.21,1.3354,3.755,8.9738,62.946,5.4585,8.6081,11.613,102.24,74.667,98.908,0,911.53,12.404,5.6338,4209.2,10.309,41.186,160.71,5.3981,7.2256,5.1287,0,5.0314,42.122,43.368,12.677,11.553,6.4385,25.995,2.1063,15.67,195.41,532.01,209.81,5.2348,0,260.22,0,47.49,0,64.109,0,0,47.242,6.7096,46.692,0,162.25,28.056,12.191,0,0,73.368,0.38261,256.08,15.698,25.991,0.49867,0,28.623,160.85,8.8134,0.20306,12.298,16.296,6.874,59.827,282.13,128.68,316.02,275.95,292.35,334.32,298.33,37.295,0,23.4,0,684.41,0,0,334.24,35.754,7.0018,4.6351,20.846,0,0,0,0,25.378,10.636,125.29,60.528,0,0,0,21.899,45.74,230.53,4217.9
46.765,721.3,1000.3,41.508,0,0,119.34,354.25,0,615.26,236.78,0,0,0,132.3,30.634,199.71,235.04,729.2,92.32,43.687,25.799,61.845,0,67.913,104.49,23.006,98.001,297.94,178.19,81.605,23.758,143.11,133.85,53.839,353.13,47.91,63.25,75.698,18.444,15.024,4.3068,4.9044,844.03,580.01,22.356,11.989,37.563,10.598,92.854,5.2063,55.266,57.42,42.391,21.407,13.804,18.63,154.79,15.469,53.659,1290.7,2.5721,4.0643,17.284,68.131,10.514,16.58,22.367,196.92,143.82,190.51,0,2169,23.892,10.851,5578.1,19.855,79.329,309.54,10.397,13.917,9.8784,0,9.691,81.131,83.532,24.417,22.253,12.401,50.068,8.53,63.461,376.38,1108.1,227.1,11.01,0,542.01,0,134.06,0,134.84,0,0,51.134,14.112,50.538,0,175.62,29.058,12.627,0,0,95.964,0.80475,334.95,7.8632,54.667,1.0488,0,67.437,200.11,16.975,0.39111,16.298,21.595,8.5519,140.95,543.4,247.86,608.68,531.51,563.1,643.94,574.61,105.28,0,24.236,0,1304.9,0,0,696.18,74.471,9.1583,8.9277,40.151,0,0,0,0,53.092,13.912,260.96,126.07,0,0,0,42.18,56.905,480.15,4362
57.382,885.06,1227.4,37.686,0,0,107.16,98.68,0,358.32,329.84,0,0,0,89.744,37.588,56.214,66.159,205.26,54.394,60.857,35.938,86.151,0,94.605,60.855,13.398,136.52,175.55,248.23,113.68,33.096,91.121,84.666,34.162,228.17,30.957,40.869,36.651,8.9304,14.653,4.2005,4.7833,823.19,410.99,27.431,5.805,18.187,10.337,207.03,5.0778,53.901,56.002,52.015,26.268,16.938,22.86,43.118,18.981,65.842,637.74,3.1561,5.6617,21.209,94.907,12.9,20.344,27.445,241.63,176.47,233.76,0,1395.9,29.317,13.315,2700.8,24.363,97.339,379.81,12.758,17.077,12.121,25.791,11.891,99.55,102.5,29.961,27.305,15.217,61.435,6.0443,44.968,461.84,311.91,316.35,20.424,0,152.56,0,66.241,0,250.13,0,0,71.23,26.179,70.4,0,244.64,26.382,11.464,0,0,86.171,1.4928,300.77,28.172,101.41,1.9456,0,43.574,195.17,20.829,0.47991,7.8912,10.456,8.3407,91.077,666.77,304.13,746.87,652.18,690.94,790.14,705.06,52.02,54.866,22.004,0,2909.5,0,0,195.96,20.962,8.2237,10.955,49.267,0,0,0,0,14.789,12.493,73.456,35.487,0,0,30.918,51.757,55.5,135.15,4148.9
34.733,535.73,742.94,34.855,0,0,97.457,54.566,0,364.16,252.87,0,0,0,55.231,22.752,31.446,37.009,114.82,55.256,46.656,27.552,66.047,0,72.528,61.847,13.617,104.66,178.33,190.3,87.151,25.373,45.157,41.182,16.766,117.71,15.97,21.083,9.7538,2.3766,6.4188,1.84,2.0953,360.59,229.51,16.604,1.5449,4.84,4.5278,183.86,2.2243,23.611,24.531,31.485,15.9,10.252,13.837,23.843,11.489,39.854,339.12,1.9104,4.3405,12.837,72.76,7.8086,12.314,16.612,146.26,106.81,141.49,0,712.46,17.745,8.0594,718.75,14.747,58.919,229.9,7.7222,10.337,7.3369,40.533,7.1977,60.257,62.04,18.135,16.527,9.2106,37.187,3.3753,25.112,279.55,174.48,242.53,27.009,0,85.343,0,35.224,0,330.77,0,0,54.608,34.618,53.972,0,187.55,24.4,10.603,0,0,78.37,1.9741,273.54,20.676,134.1,2.5729,0,22.479,85.492,12.608,0.29049,2.1,2.7826,3.6536,46.984,403.59,184.09,452.08,394.76,418.22,478.27,426.77,27.662,86.225,20.351,0,2583.9,0,0,109.62,11.726,7.4792,6.6308,29.821,0,0,0,0,8.1779,11.362,41.09,19.851,0,0,48.59,31.328,24.311,75.604,4120
10.121,156.1,216.48,13.422,0,0,56.855,0,0,222.65,81.836,0,0,0,21.063,6.6296,0,4.1231e-11,1.2738e-09,34.369,15.099,8.9165,21.375,0,23.472,37.814,8.3253,33.871,110.92,61.587,28.205,8.2113,8.0484,6.075,2.7215,28.527,3.8703,5.1095,4.3937,1.0706,2.197,0.62978,0.71715,123.42,28.467,4.8381,0.6959,2.1803,1.5497,94.867,0.7613,8.0814,8.3964,9.1741,4.6329,2.9873,4.0319,0,3.3478,11.613,74.234,0.55665,1.4047,3.7406,23.547,2.2753,3.5882,4.8405,42.617,31.124,41.228,0,160.69,5.1706,2.3484,323.77,4.297,17.168,66.989,2.2501,3.0119,2.1378,16.996,2.0973,17.558,18.078,5.2843,4.8158,2.6838,10.836,0.41866,3.1147,81.455,0,78.49,20.716,0,5.1792e-10,0,7.7105,0,253.7,0,864.42,17.673,26.552,17.467,0,60.697,9.396,4.083,0,0,45.72,1.5141,159.58,19.008,102.86,1.9734,0,5.4478,29.261,3.6737,0.084643,0.94599,1.2535,1.2505,11.387,117.6,53.64,131.73,115.03,121.86,139.36,124.35,6.0553,36.155,7.8369,0,1333.2,0,0,7.5919e-10,1.1569e-10,4.3633,1.9321,8.6893,0,0,0,0,0,6.6283,0,5.5853e-11,0,0,20.374,9.1285,8.321,7.2884e-11,3660
7.1379,110.1,152.68,8.7402,0,0,36.918,0.60281,0,40.801,52.322,0,0,0,11.44,4.6757,1.1475,1.3506,4.19,7.5273,9.6536,5.7008,13.666,0,15.007,6.9294,1.5256,21.656,24.293,39.376,18.033,5.2499,0,0,0,8.9279,1.2113,1.5991,2.3348,0.5689,1.2895,0.36964,0.42093,72.44,1.7792,3.4123,0.3698,1.1586,0.90961,25.077,0.44684,4.7433,4.9282,6.4703,3.2675,2.1069,2.8436,0.2634,2.3611,8.1903,0,0.3926,0.8981,2.6382,15.055,1.6047,2.5307,3.414,30.057,21.951,29.078,0,39.432,3.6468,1.6563,172.05,3.0306,12.108,47.246,1.587,2.1242,1.5078,12.994,1.4792,12.383,12.75,3.7269,3.3965,1.8928,7.6421,0.026166,0.19467,57.449,6.3672,50.182,13.95,0,3.1144,0,1.202e-11,0,170.84,0,703.23,11.299,17.88,11.167,0,38.807,6.1186,2.6588,0,0,29.687,1.0196,103.62,3.4225,69.263,1.3289,0,1.705,17.175,2.591,0.059697,0.50269,0.66609,0.73398,3.5636,82.942,37.832,92.905,81.127,85.948,98.287,87.705,0,27.642,5.1033,0,352.41,0,0,4.0003,0.42792,2.8332,1.3627,6.1285,0,0,0,0,0.090344,4.3039,1.4995,0.72441,0,0,15.577,6.4382,4.8839,2.759,3669
3.3506,51.68,71.669,2.5748,0,0,13.3,0,0,27.815,18.055,0,0,0,8.6875,2.1948,0.088682,0.10437,0.32381,5.6106,3.3312,1.9672,4.7158,0,5.1785,4.724,1.0401,7.4728,18.107,13.588,6.2226,1.8116,1.5038,0,0.24465,12.798,1.7364,2.2924,1.073,0.26145,0.87968,0.25217,0.28715,49.418,0,1.6017,0.16995,0.53246,0.62053,2.3868,0.30483,3.2358,3.362,3.0372,1.5338,0.98901,1.3348,0,1.1083,3.8446,0,0.18429,0.30991,1.2384,5.1951,0.75327,1.1879,1.6025,14.109,10.304,13.649,0,63.379,1.7118,0.77746,79.07,1.4226,5.6837,22.178,0.74493,0.99713,0.70776,9.2637,0.69434,5.8128,5.9848,1.7495,1.5943,0.88852,3.5873,0,0,26.967,0.49206,17.317,5.8273,0,0.24068,0,1.202e-11,0,71.366,0,0,3.8991,7.4692,3.8536,0,13.391,1.8025,0.78325,0,0,10.695,0.42592,37.33,3.3093,28.934,0.55511,0,2.4441,11.716,1.2162,0.028022,0.23103,0.30612,0.50071,5.1086,38.933,17.758,43.61,38.082,40.345,46.137,41.169,0,19.707,1.5034,146.18,33.543,0,0,0.30914,0.033069,1.0207,0.63965,2.8767,0,0,0,0,0,1.5505,0.11588,0.055983,0,0,11.105,3.0221,3.3318,0.21322,2306
1.1056,17.052,23.648,2.432,0,0,9.4468,0,0,3.2704,15.026,0,0,0,3.4027,0.72421,0,4.1231e-11,1.2738e-09,1.9877,2.7724,1.6372,3.9247,0,4.3098,0.55543,0.12229,6.2191,6.4147,11.308,5.1787,1.5077,2.634,0.95273,0.67236,15.514,2.1049,2.7789,1.3617,0.33178,0.67649,0.19392,0.22082,38.003,0,0.52851,0.21567,0.67569,0.47719,0.24127,0.23442,2.4884,2.5854,1.0022,0.50609,0.32633,0.44044,0,0.36571,1.2686,0,0.060808,0.25792,0.40862,4.3235,0.24855,0.39197,0.52877,4.6554,3.3999,4.5037,0,80.183,0.56483,0.25653,100.34,0.4694,1.8754,7.3178,0.2458,0.32902,0.23353,6.3979,0.2291,1.918,1.9748,0.57725,0.52607,0.29318,1.1837,0,0,8.8981,0,14.412,5.8407,0,5.1792e-10,0,1.202e-11,0,71.53,0,0,3.2449,7.4863,3.2071,0,11.145,1.7025,0.73981,0,0,7.5966,0.4269,26.515,2.1497,29,0.55639,0,2.9628,9.0101,0.40131,0.0092463,0.29317,0.38846,0.38505,6.1927,12.846,5.8596,14.39,12.565,13.312,15.223,13.584,0,13.61,1.42,190.87,3.3906,0,0,7.5919e-10,1.1569e-10,0.72498,0.21106,0.94921,0,0,0,0,0,1.1013,0,5.5853e-11,0,0,7.6698,0.99718,2.5622,7.2884e-11,2730
0.92469,14.262,19.779,1.3862,0,0,13.462,0,0,4.8442,5.6348,0,0,0,4.0206,0.60572,0.1277,0.15029,0.46628,2.22,1.0396,0.61394,1.4718,0,1.6162,0.82271,0.18113,2.3322,7.1644,4.2406,1.942,0.56539,3.9856,2.2314,1.1839,18.763,2.5456,3.3607,0.13778,0.033572,0.39157,0.11224,0.12782,21.997,0,0.44204,0.021823,0.06837,0.27621,0.6759,0.13569,1.4403,1.4965,0.8382,0.42329,0.27294,0.36838,0,0.30587,1.061,0,0.050859,0.096721,0.34177,1.6213,0.20788,0.32784,0.44226,3.8938,2.8437,3.7669,0,100.28,0.47242,0.21456,10.153,0.3926,1.5686,6.1205,0.20558,0.27519,0.19533,6.9387,0.19162,1.6042,1.6517,0.48281,0.44,0.24521,0.99,0,0,7.4423,0.70856,5.4044,4.2371,0,0.34658,0,1.202e-11,0,51.891,0,0,1.2169,5.4309,1.2027,0,4.1793,0.97041,0.42168,0,0,10.826,0.30969,37.785,2.1214,21.038,0.40363,0,3.5831,5.2152,0.33566,0.0077335,0.029665,0.039307,0.22288,7.4893,10.745,4.9009,12.035,10.51,11.134,12.733,11.362,0,14.761,0.80938,43.297,9.4986,0,0,0.44516,0.04762,1.0331,0.17653,0.79391,0,0,0,0,0,1.5694,0.16687,0.080615,0,0,8.3181,0.83404,1.483,0.30703,3125
0.52707,8.1296,11.274,3.5969,0,0,12.076,0,0,20.735,10.099,0,0,0,2.8431,0.34526,0.20575,0.24215,0.75125,4.5655,1.8633,1.1003,2.6378,0,2.8966,3.5215,0.77532,4.1799,14.734,7.6002,3.4806,1.0133,0.46811,0,0,10.309,1.3987,1.8466,0.69183,0.16857,0.43452,0.12456,0.14184,24.41,0,0.25196,0.10957,0.3433,0.30651,0.85652,0.15057,1.5983,1.6606,0.47777,0.24127,0.15558,0.20998,0,0.17435,0.60477,0,0.02899,0.17335,0.19481,2.9059,0.11849,0.18687,0.25209,2.2194,1.6209,2.1471,0,47.979,0.26928,0.1223,50.98,0.22378,0.89409,3.4887,0.11718,0.15686,0.11134,4.6224,0.10922,0.91439,0.94145,0.2752,0.2508,0.13977,0.5643,0,0,4.2421,1.1416,9.686,1.4561,0,0.55839,0,1.202e-11,0,17.832,0,227.59,2.1809,1.8663,2.1555,0,7.4904,2.518,1.0942,0,0,9.7113,0.10642,33.896,4.3559,7.2295,0.1387,0,1.9688,5.7873,0.19132,0.0044081,0.14895,0.19737,0.24733,4.1151,6.1245,2.7935,6.8602,5.9905,6.3465,7.2576,6.4762,0,9.8333,2.1002,0,12.037,0,0,0.71723,0.076723,0.92679,0.10062,0.45253,0,0,0,0,0,1.4079,0.26885,0.12988,0,0,5.5413,0.4754,1.6457,0.49467,2472
4.0796,62.924,87.263,9.5634,0,0,55.409,16.416,0,47.534,38.525,0,0,0,6.0477,2.6724,10.026,11.8,36.61,8.5212,7.108,4.1975,10.062,0,11.05,8.0729,1.7774,15.945,27.5,28.993,13.278,3.8656,0,0,0,8.5104,1.1546,1.5243,2.627,0.64009,0.65795,0.18861,0.21477,36.962,0,1.9503,0.41607,1.3036,0.46412,13.531,0.228,2.4202,2.5146,3.6981,1.8675,1.2042,1.6253,7.1732,1.3495,4.6811,0,0.22438,0.66128,1.5078,11.085,0.91717,1.4464,1.9512,17.179,12.546,16.619,0,36.849,2.0843,0.94663,193.58,1.7321,6.9204,27.003,0.90702,1.2141,0.86176,0.89304,0.84541,7.0776,7.287,2.1301,1.9413,1.0818,4.3678,0,0,32.835,55.632,36.95,1.8439,0,27.211,0,1.202e-11,0,22.582,0,0,8.3196,2.3634,8.2227,0,28.574,6.6948,2.9092,0,0,44.557,0.13477,155.52,5.7136,9.1553,0.17565,0,1.6252,8.7633,1.4809,0.03412,0.5656,0.74944,0.37451,3.397,47.405,21.622,53.099,46.367,49.123,56.175,50.127,0,1.8998,5.5839,0,190.15,0,0,34.952,3.7388,4.2523,0.77882,3.5027,0,0,0,0,2.4604,6.4596,13.101,6.3294,0,0,1.0706,3.6797,2.492,24.106,2990.7
10.503,161.99,224.65,25.821,0,0,86.815,88.745,0,114.74,120.95,0,0,0,6.7399,6.8798,50.636,59.595,184.89,18.441,22.316,13.178,31.591,0,34.691,19.487,4.2904,50.06,59.514,91.023,41.685,12.136,5.9299,4.0708,1.9197,23.435,3.1795,4.1976,2.0734,0.50521,0.30208,0.086593,0.098607,16.97,0,5.0207,0.3284,1.0289,0.21309,44.267,0.10468,1.1112,1.1545,9.5203,4.8077,3.1001,4.1841,38.777,3.4741,12.051,0,0.57766,2.0761,3.8818,34.802,2.3612,3.7236,5.0232,44.226,32.298,42.784,0,129.19,5.3658,2.437,152.79,4.4592,17.816,69.517,2.335,3.1256,2.2185,0,2.1764,18.221,18.76,5.4837,4.9976,2.7851,11.244,0,0,84.529,280.96,116,3.1141,0,137.43,0,1.202e-11,0,38.138,0,0,26.12,3.9915,25.815,0,89.708,18.076,7.8548,0,0,69.812,0.22761,243.67,5.657,15.462,0.29665,0,4.4755,4.0234,3.8124,0.087837,0.44642,0.59152,0.17194,9.3544,122.04,55.665,136.7,119.37,126.46,144.62,129.05,0,0,15.076,0,622.1,0,0,176.52,18.882,6.6625,2.005,9.0173,0,0,0,0,13.3,10.121,66.167,31.966,0,0,0,9.473,1.1441,121.74,2565
14.164,218.47,302.97,34.768,0,0,73.094,268.61,0,405.94,120.07,0,0,0,28.563,9.2783,151.62,178.45,553.63,61.423,22.153,13.082,31.361,0,34.439,68.943,15.179,49.696,198.23,90.361,41.382,12.048,44.732,40.779,16.605,116.69,15.831,20.9,39.042,9.513,7.293,2.0906,2.3806,409.7,113.87,6.7711,6.1837,19.374,5.1445,133.98,2.5272,26.827,27.872,12.839,6.4839,4.1809,5.6428,117.37,4.6853,16.252,302.84,0.77905,2.061,5.2351,34.549,3.1843,5.0217,6.7745,59.644,43.559,57.7,0,706.14,7.2365,3.2866,2877,6.0138,24.027,93.753,3.1491,4.2152,2.992,0,2.9352,24.573,25.3,7.3955,6.7399,3.7561,15.165,1.6747,12.459,114,841.29,115.16,4.471,0,411.5,0,31.455,0,54.755,0,0,25.93,5.7307,25.627,0,89.055,24.339,10.576,0,0,58.779,0.32679,205.16,5.8833,22.199,0.42591,0,22.284,97.135,5.1415,0.11846,8.406,11.138,4.1512,46.577,164.58,75.071,184.36,160.98,170.55,195.04,174.04,24.703,0,20.3,0,1882.9,0,0,528.55,56.54,5.6095,2.704,12.161,0,0,0,0,40.257,8.5215,198.13,95.716,0,0,0,12.776,27.622,364.54,3125
53.044,818.15,1134.6,22.863,0,0,66.496,425.03,0,363.17,166.34,0,0,0,124.6,34.746,239.45,281.81,874.31,55.11,30.69,18.124,43.446,0,47.71,61.679,13.58,68.847,177.86,125.18,57.329,16.69,120.19,112.16,45.162,298.03,40.434,53.381,116.57,28.402,14.699,4.2136,4.7982,825.76,298.9,25.357,18.462,57.842,10.369,207.03,5.0936,54.07,56.177,48.082,24.282,15.657,21.132,185.72,17.546,60.864,774.4,2.9175,2.8552,19.605,47.862,11.925,18.806,25.37,223.36,163.12,216.08,0,1828.1,27.1,12.308,8589.6,22.521,89.979,351.1,11.793,15.786,11.205,0,10.992,92.023,94.747,27.696,25.24,14.066,56.79,4.3958,32.704,426.92,1328.6,159.54,9.6638,0,649.86,0,80.435,0,118.35,0,0,35.922,12.387,35.503,0,123.37,16.005,6.9549,0,0,53.473,0.70633,186.64,18.329,47.982,0.92058,0,56.915,195.78,19.255,0.44362,25.097,33.254,8.3668,118.96,616.36,281.14,690.4,602.87,638.7,730.4,651.75,63.168,0,13.349,0,2909.5,0,0,834.71,89.29,5.1031,10.126,45.542,0,0,0,0,63.7,7.7522,312.89,151.16,0,0,0,47.844,55.673,575.7,3440
38.02,586.43,813.25,21.056,0,0,63.329,140.72,0,348.01,295.25,0,0,0,86.872,24.905,79.82,93.942,291.45,52.873,54.475,32.169,77.117,0,84.684,59.104,13.013,122.2,170.63,222.2,101.76,29.625,62.48,57.57,23.322,159.34,21.618,28.54,20.432,4.9784,14.307,4.1011,4.6702,803.72,332.7,18.175,3.2361,10.139,10.092,301.94,4.9577,52.626,54.678,34.464,17.404,11.223,15.147,61.489,12.577,43.625,802.24,2.0912,5.0679,14.052,84.955,8.5476,13.48,18.184,160.1,116.92,154.88,0,970.03,19.425,8.8221,1505.6,16.142,64.495,251.66,8.453,11.315,8.0312,25.791,7.8789,65.96,67.912,19.852,18.092,10.082,40.706,4.8929,36.402,306,442.89,283.18,15.516,0,216.63,0,83.327,0,190.02,0,0,63.76,19.887,63.018,0,218.99,14.74,6.4052,0,0,50.926,1.1341,177.75,19.262,77.039,1.4781,0,30.429,190.55,13.801,0.31798,4.399,5.8289,8.1435,63.602,441.79,201.51,494.86,432.12,457.8,523.53,467.16,65.439,54.866,12.294,0,4243.3,0,0,278.25,29.765,4.8601,7.2583,32.643,0,0,0,0,21.09,7.383,104.3,50.389,0,0,30.918,34.293,54.187,191.91,3581.7
34.733,535.73,742.94,27.353,0,0,94.542,30.019,0,226.3,315.61,0,0,0,49.826,22.752,17.664,20.789,64.496,34.908,58.231,34.387,82.434,0,90.523,38.434,8.4618,130.63,112.66,237.52,108.77,31.668,14.792,12.455,5.2737,44.733,6.0691,8.0124,8.8784,2.1633,6.0064,1.7218,1.9606,337.42,171.69,16.604,1.4062,4.4056,4.2369,288.97,2.0813,22.094,22.955,31.485,15.9,10.252,13.837,13.117,11.489,39.854,630.99,1.9104,5.4174,12.837,90.813,7.8086,12.314,16.612,146.26,106.81,141.49,0,260.96,17.745,8.0594,654.24,14.747,58.919,229.9,7.7222,10.337,7.3369,40.533,7.1977,60.257,62.04,18.135,16.527,9.2106,37.187,2.525,18.785,279.55,98.008,302.7,16.788,0,47.939,0,65.54,0,205.6,0,0,68.157,21.518,67.363,0,234.09,19.148,8.3208,0,0,76.026,1.2271,265.36,21.214,83.355,1.5992,0,8.5427,79.998,12.608,0.29049,1.9116,2.5329,3.4188,17.856,403.59,184.09,452.08,394.76,418.22,478.27,426.77,51.47,86.225,15.971,0,4061,0,0,61.575,6.5867,7.2555,6.6308,29.821,0,0,0,0,4.499,11.022,23.081,11.151,0,0,48.59,31.328,22.749,42.468,3340
5.5624,85.795,118.98,11.692,0,0,40.666,1.2109,0,130.98,72.373,0,0,0,13.407,3.6437,1.489,1.7524,5.4367,20.838,13.353,7.8854,18.903,0,20.758,22.245,4.8976,29.955,67.25,54.466,24.943,7.2618,0,0,0,4.1799,0.5671,0.74868,2.9576,0.72063,0.36965,0.10596,0.12066,20.766,16.013,2.6591,0.46843,1.4676,0.26075,182.09,0.12809,1.3597,1.4127,5.0422,2.5463,1.6419,2.216,0.5291,1.84,6.3825,17.715,0.30594,1.2423,2.0559,20.824,1.2505,1.9721,2.6604,23.423,17.106,22.66,0,10.056,2.8418,1.2907,217.94,2.3617,9.4357,36.818,1.2367,1.6554,1.175,16.996,1.1527,9.65,9.9356,2.9043,2.6468,1.4751,5.9553,0.2355,1.7521,44.769,8.2616,69.414,13.712,0,4.041,0,1.84,0,167.93,0,824.51,15.629,17.576,15.447,0,53.679,8.185,3.5567,0,0,32.701,1.0022,114.14,8.4572,68.083,1.3062,0,0.79823,4.9234,2.0191,0.046521,0.63677,0.84375,0.21041,1.6684,64.634,29.481,72.399,63.22,66.977,76.593,68.346,1.445,36.155,6.8268,5.3777,2558.9,0,0,5.1905,0.55523,3.1208,1.0619,4.7758,0,0,0,0,0.18148,4.7409,1.9456,0.93994,0,0,20.374,5.0171,1.4001,3.5799,3662
3.5172,54.249,75.232,6.658,0,0,27.941,0.11949,0,23.587,57.343,0,0,0,10.913,2.3039,0.87617,1.0312,3.1992,4.9865,10.58,6.2478,14.977,0,16.447,4.0059,0.88196,23.734,16.093,43.155,19.763,5.7537,0,0,0,8.8733,1.2039,1.5893,1.5455,0.37659,1.8582,0.53267,0.60658,104.39,0,1.6814,0.24479,0.76693,1.3108,25.522,0.64392,6.8353,7.1017,3.1882,1.61,1.0382,1.4012,0.052211,1.1634,4.0357,5.905,0.19345,0.98429,1.3,16.5,0.79072,1.247,1.6822,14.81,10.816,14.328,0,39.094,1.7969,0.81611,113.89,1.4933,5.9663,23.28,0.78197,1.0467,0.74295,12.994,0.72886,6.1018,6.2824,1.8364,1.6736,0.93269,3.7656,0,0,28.308,4.8615,54.998,10.782,0,2.3779,0,0.61334,0,132.05,0,794.21,12.383,13.82,12.239,0,42.531,4.6609,2.0254,0,0,22.469,0.7881,78.425,6.1096,53.536,1.0271,0,1.6945,24.75,1.2767,0.029415,0.33276,0.44092,1.0577,3.5418,40.869,18.641,45.778,39.975,42.35,48.43,43.216,0.48167,27.642,3.8875,76.319,358.67,0,0,3.0543,0.32672,2.1443,0.67145,3.0198,0,0,0,0,0.017908,3.2574,1.1449,0.55311,0,0,15.577,3.1724,7.038,2.1065,3390.5
2.0007,30.858,42.794,3.5911,0,0,12.011,0,0,23.518,19.038,0,0,0,3.6592,1.3105,0,4.1231e-11,1.2738e-09,4.9763,3.5126,2.0743,4.9726,0,5.4605,3.9942,0.87938,7.8797,16.06,14.327,6.5614,1.9102,0,0,0,8.9467,1.2138,1.6025,1.5204,0.37047,0.72975,0.20919,0.23821,40.995,0,0.95641,0.24081,0.75447,0.51476,5.0095,0.25287,2.6843,2.7889,1.8135,0.91583,0.59054,0.79703,0,0.66179,2.2956,0,0.11004,0.32679,0.73945,5.478,0.44978,0.70931,0.95688,8.4246,6.1526,8.1501,0,39.548,1.0221,0.46423,112.04,0.84943,3.3938,13.242,0.4448,0.59539,0.42261,9.2637,0.41459,3.4709,3.5736,1.0446,0.95199,0.53054,2.142,0,0,16.102,0,18.26,6.3311,0,5.1792e-10,0,1.202e-11,0,77.536,0,335.58,4.1113,8.1149,4.0634,0,14.12,2.5139,1.0924,0,0,9.6583,0.46275,33.711,1.6971,31.435,0.60311,0,1.7085,9.7194,0.72623,0.016732,0.32736,0.43376,0.41537,3.5711,23.247,10.604,26.04,22.739,24.09,27.549,24.582,0,19.707,2.0968,86.646,70.4,0,0,7.5919e-10,1.1569e-10,0.92173,0.38194,1.7177,0,0,0,0,0,1.4002,0,5.5853e-11,0,0,11.105,1.8045,2.7639,7.2884e-11,2352
1.4641,22.583,31.318,1.2736,0,0,7.2984,0,0,13.627,7.2518,0,0,0,4.1022,0.95909,0,4.1231e-11,1.2738e-09,3.5163,1.338,0.79012,1.8941,0,2.08,2.3143,0.50954,3.0015,11.348,5.4575,2.4993,0.72764,1.627,7.0327e-05,0.29125,13.094,1.7765,2.3454,1.1445,0.27888,0.616,0.17658,0.20108,34.605,0,0.69993,0.18128,0.56794,0.43452,0.8455,0.21346,2.2659,2.3542,1.3272,0.67024,0.43218,0.58329,0,0.48432,1.68,0,0.08053,0.12448,0.54115,2.0866,0.32916,0.5191,0.70028,6.1654,4.5026,5.9645,0,65.21,0.74803,0.33974,84.34,0.62164,2.4837,9.6912,0.32552,0.43573,0.30928,6.3979,0.30341,2.5401,2.6153,0.76448,0.6967,0.38826,1.5676,0,0,11.784,0,6.9553,6.7655,0,5.1792e-10,0,1.202e-11,0,82.856,0,0,1.5661,8.6717,1.5478,0,5.3786,0.89158,0.38743,0,0,5.869,0.4945,20.485,1.2163,33.592,0.64449,0,2.5006,8.2044,0.53148,0.012245,0.24642,0.32652,0.35063,5.2267,17.013,7.7601,19.057,16.641,17.63,20.161,17.99,0,13.61,0.74364,197.86,11.882,0,0,7.5919e-10,1.1569e-10,0.5601,0.27951,1.2571,0,0,0,0,0,0.85086,0,5.5853e-11,0,0,7.6698,1.3206,2.3331,7.2884e-11,2024
0.62254,9.602,13.316,1.2736,0,0,25.227,0,0,23.518,9.4185,0,0,0,3.5288,0.40779,0,4.1231e-11,1.2738e-09,4.9763,1.7378,1.0262,2.46,0,2.7014,3.9942,0.87938,3.8982,16.06,7.0881,3.2461,0.94504,5.7698,3.9194,1.8592,23.051,3.1274,4.1287,1.1445,0.27888,0.77138,0.22112,0.2518,43.334,0,0.2976,0.18128,0.56794,0.54413,0.22088,0.2673,2.8375,2.9481,0.56431,0.28498,0.18376,0.24801,0,0.20593,0.71431,0,0.03424,0.16167,0.23009,2.7101,0.13996,0.22071,0.29775,2.6214,1.9145,2.536,0,126.81,0.31805,0.14445,84.34,0.26431,1.056,4.1206,0.13841,0.18527,0.1315,6.9387,0.12901,1.08,1.112,0.32505,0.29623,0.16508,0.66651,0,0,5.0104,0,9.0334,3.7869,0,5.1792e-10,0,1.202e-11,0,46.377,0,0,2.034,4.8538,2.0103,0,6.9856,0.89158,0.38743,0,0,20.287,0.27679,70.808,1.8102,18.802,0.36074,0,4.402,10.274,0.22598,0.0052065,0.24642,0.32652,0.43907,9.2009,7.2338,3.2995,8.1028,7.0755,7.496,8.5721,7.6492,0,14.761,0.74364,0,3.1041,0,0,7.5919e-10,1.1569e-10,1.936,0.11885,0.53449,0,0,0,0,0,2.9411,0,5.5853e-11,0,0,8.3181,0.56151,2.9216,7.2884e-11,1620
0.52319,8.0697,11.191,4.5508,0,0,22.162,0,0,26.417,9.1125,0,0,0,4.5948,0.34272,0,4.1231e-11,1.2738e-09,5.4042,1.6813,0.99286,2.3801,0,2.6137,4.4865,0.98778,3.7716,17.441,6.8578,3.1406,0.91434,0,0,0,4.1698,0.56573,0.74687,1.7809,0.43392,0.82295,0.2359,0.26863,46.231,0,0.25011,0.28206,0.8837,0.58051,0.3102,0.28517,3.0271,3.1451,0.47426,0.2395,0.15443,0.20843,0,0.17306,0.60032,0,0.028776,0.15642,0.19337,2.622,0.11762,0.18549,0.25023,2.2031,1.609,2.1313,0,9.9935,0.2673,0.1214,131.23,0.22213,0.8875,3.463,0.11632,0.1557,0.11052,4.6224,0.10842,0.90766,0.93452,0.27317,0.24895,0.13874,0.56015,0,0,4.2109,0,8.7399,0.80874,0,5.1792e-10,0,1.202e-11,0,9.9045,0,0,1.9679,1.0366,1.945,0,6.7587,3.1858,1.3844,0,0,17.821,0.059112,62.203,1.8385,4.0155,0.077041,0,0.7963,10.961,0.18991,0.0043756,0.38343,0.50805,0.46842,1.6644,6.0794,2.773,6.8097,5.9464,6.2998,7.2042,6.4285,0,9.8333,2.6571,0,4.3593,0,0,7.5919e-10,1.1569e-10,1.7008,0.09988,0.4492,0,0,0,0,0,2.5836,0,5.5853e-11,0,0,5.5413,0.4719,3.1169,7.2884e-11,1735
2.9344,45.26,62.766,12.358,0,0,61.954,18.637,0,124.02,18.241,0,0,0,5.0327,1.9222,11.273,13.268,41.162,19.811,3.3655,1.9875,4.7644,0,5.2319,21.063,4.6374,7.5498,63.935,13.728,6.2867,1.8303,0,0,0,4.2656,0.57872,0.76402,0.67638,0.16481,0.53894,0.15449,0.17592,30.276,0,1.4028,0.10713,0.33563,0.38017,2.8679,0.18675,1.9824,2.0597,2.6599,1.3433,0.86615,1.169,8.1435,0.97065,3.367,0,0.16139,0.31311,1.0846,5.2486,0.65969,1.0403,1.4035,12.356,9.024,11.954,0,10.586,1.4992,0.68088,49.842,1.2459,4.9777,19.423,0.65239,0.87327,0.61984,0.89304,0.60808,5.0907,5.2414,1.5321,1.3963,0.77814,3.1416,0,0,23.617,62.55,17.495,1.3386,0,30.595,0,1.202e-11,0,16.393,0,0,3.9392,1.7157,3.8933,0,13.529,8.6512,3.7593,0,0,49.82,0.097836,173.89,2.6305,6.6461,0.12751,0,0.81459,7.1781,1.0652,0.024541,0.14563,0.19296,0.30676,1.7026,34.097,15.552,38.193,33.351,35.333,40.405,36.055,0,1.8998,7.2156,0,40.303,0,0,39.298,4.2037,4.7545,0.56019,2.5194,0,0,0,0,2.7932,7.2226,14.731,7.1165,0,0,1.0706,2.6467,2.0412,27.104,1590
10.121,156.1,216.48,21.495,0,0,69.674,93.092,0,285.67,66.277,0,0,0,12.205,6.6296,53.077,62.467,193.8,43.671,12.228,7.2213,17.311,0,19.01,48.517,10.682,27.432,140.94,49.878,22.842,6.6502,6.9259,5.0131,2.2967,25.829,3.5043,4.6264,2.3425,0.57078,0.28075,0.08048,0.091646,15.772,0,4.8381,0.37102,1.1624,0.19804,38.564,0.097288,1.0327,1.073,9.1741,4.6329,2.9873,4.0319,40.676,3.3478,11.613,0,0.55665,1.1376,3.7406,19.07,2.2753,3.5882,4.8405,42.617,31.124,41.228,0,144,5.1706,2.3484,172.62,4.297,17.168,66.989,2.2501,3.0119,2.1378,0,2.0973,17.558,18.078,5.2843,4.8158,2.6838,10.836,0,0,81.455,294.5,63.567,2.5924,0,144.05,0,1.202e-11,0,31.748,0,0,14.313,3.3227,14.146,0,49.157,15.048,6.5388,0,0,56.028,0.18948,195.56,6.1661,12.871,0.24695,0,4.9326,3.7394,3.6737,0.084643,0.50436,0.66829,0.15981,10.31,117.6,53.64,131.73,115.03,121.86,139.36,124.35,0,0,12.551,2.2797,541.95,0,0,185.02,19.792,5.347,1.9321,8.6893,0,0,0,0,13.952,8.1227,69.355,33.506,0,0,0,9.1285,1.0634,127.61,1910
29.081,448.55,622.05,30.126,0,0,87.784,259.43,0,239.32,253.17,0,0,0,50.057,19.05,146.47,172.38,534.81,36.83,46.711,27.584,66.126,0,72.614,40.645,8.9487,104.79,118.86,190.53,87.254,25.403,50.937,46.65,18.954,131.6,17.855,23.572,40.075,9.7646,7.246,2.0771,2.3653,407.06,105.86,13.902,6.3473,19.886,5.1113,66.298,2.5109,26.654,27.693,26.361,13.312,8.5841,11.586,113.36,9.6197,33.369,150.16,1.5995,4.3456,10.749,72.847,6.538,10.311,13.909,122.46,89.433,118.47,0,798.41,14.858,6.748,2953.1,12.347,49.332,192.49,6.4656,8.6546,6.143,0,6.0265,50.452,51.945,15.184,13.838,7.7119,31.136,1.5569,11.583,234.06,812.7,242.82,5.0115,0,397.52,0,15.597,0,61.375,0,0,54.673,6.4235,54.036,0,187.77,21.09,9.1643,0,0,70.591,0.3663,246.39,9.1643,24.883,0.4774,0,25.132,96.509,10.556,0.24322,8.6283,11.433,4.1244,52.529,337.92,154.13,378.52,330.53,350.17,400.44,357.33,12.249,0,17.59,0,931.7,0,0,510.59,54.618,6.7368,5.5518,24.969,0,0,0,0,38.881,10.234,191.39,92.463,0,0,0,26.23,27.444,352.15,2317
47.784,737.02,1022.1,45.243,0,0,113.3,324.08,0,990.97,301.52,0,0,0,119.18,31.301,182.77,215.1,667.35,147.78,55.632,32.852,78.754,0,86.482,168.3,37.054,124.8,476.91,226.91,103.92,30.254,109.09,101.67,40.963,271.36,36.816,48.604,70.16,17.095,13.713,3.9309,4.4763,770.35,300.68,22.843,11.112,34.815,9.673,139.51,4.7518,50.441,52.408,43.315,21.874,14.105,19.036,141.61,15.806,54.829,601.47,2.6282,5.1756,17.661,86.759,10.743,16.941,22.854,201.21,146.95,194.66,0,1663.1,24.413,11.088,5170,20.288,81.058,316.28,10.624,14.221,10.094,0,9.9022,82.899,85.352,24.95,22.738,12.671,51.159,4.422,32.899,384.59,1014.1,289.19,17.725,0,496.03,0,62.474,0,217.07,0,0,65.115,22.719,64.356,0,223.64,31.672,13.763,0,0,91.114,1.2955,318.02,12.049,88.005,1.6885,0,51.822,182.64,17.345,0.39964,15.106,20.015,7.8054,108.32,555.24,253.26,621.95,543.1,575.37,657.97,587.13,49.062,0,26.417,0,1960.6,0,0,637.12,68.154,8.6954,9.1223,41.026,0,0,0,0,48.57,13.209,238.82,115.38,0,0,0,43.1,51.937,439.42,2530.4
36.708,566.19,785.19,35.488,0,0,98.184,105.45,0,481.46,348.14,0,0,0,61.206,24.046,60.015,70.633,219.14,72.57,64.233,37.932,90.931,0,99.854,81.769,18.003,144.09,234.2,262,119.99,34.932,51.559,47.238,19.189,133.09,18.057,23.839,24.105,5.8735,7.5141,2.154,2.4528,422.12,196.6,17.548,3.8179,11.962,5.3004,244.26,2.6038,27.64,28.717,33.275,16.804,10.835,14.624,46.076,12.143,42.12,475.77,2.019,5.9758,13.568,100.17,8.2526,13.015,17.557,154.58,112.89,149.54,0,807.65,18.754,8.5177,1776.3,15.585,62.27,242.97,8.1613,10.924,7.7541,25.791,7.607,63.684,65.569,19.167,17.467,9.7344,39.301,2.8913,21.511,295.44,333,333.9,16.448,0,162.88,0,49.417,0,201.44,0,0,75.182,21.083,74.306,0,258.21,24.843,10.795,0,0,78.954,1.2022,275.58,14.397,81.669,1.5669,0,25.417,100.08,13.325,0.30701,5.19,6.8769,4.277,53.126,426.54,194.56,477.79,417.21,442.01,505.46,451.04,38.808,54.866,20.721,0,3432.7,0,0,209.21,22.38,7.535,7.0078,31.517,0,0,0,0,15.804,11.446,78.422,37.886,0,0,30.918,33.11,28.459,144.29,2670
41.291,636.87,883.21,43.924,0,0,105.59,44.971,0,232.38,393.35,0,0,0,52.554,27.048,26.059,30.669,95.15,35.805,72.575,42.858,102.74,0,112.82,39.466,8.6892,162.8,115.55,296.02,135.57,39.468,28.279,25.214,10.378,77.146,10.467,13.818,10.683,2.6031,1.6584,0.4754,0.54136,93.166,298.01,19.739,1.6921,5.3013,1.1699,163.57,0.57468,6.1004,6.3382,37.429,18.902,12.188,16.45,19.65,13.658,47.378,208.36,2.2711,6.7518,15.261,113.18,9.2829,14.639,19.749,173.87,126.98,168.21,0,461.5,21.096,9.581,787.25,17.531,70.043,273.31,9.1802,12.288,8.7221,40.533,8.5566,71.634,73.754,21.559,19.648,10.95,44.208,4.3827,32.607,332.33,144.59,377.27,25.299,0,70.723,0,21.642,0,309.83,0,0,84.946,32.427,83.956,0,291.75,30.749,13.362,0,0,84.914,1.8491,296.38,6.5621,125.61,2.41,0,14.733,22.089,14.988,0.34533,2.3002,3.0478,0.94398,30.794,479.79,218.85,537.43,469.3,497.19,568.56,507.35,16.996,86.225,25.647,0,2298.7,0,0,90.841,9.7173,8.1037,7.8827,35.451,0,0,0,0,6.7399,12.31,34.051,16.45,0,0,48.59,37.243,6.2813,62.653,2673.9
18.125,279.57,387.7,22.716,0,0,65.915,11.929,0,190.36,121.25,0,0,0,28.49,11.873,7.507,8.8351,27.41,29.603,22.371,13.211,31.669,0,34.777,32.33,7.1179,50.184,95.536,91.249,41.788,12.166,6.9259,5.0131,2.2967,25.829,3.5043,4.6264,5.5195,1.3449,1.5397,0.44137,0.50261,86.497,76.504,8.6648,0.87421,2.7389,1.0861,103.41,0.53355,5.6637,5.8845,16.43,8.2972,5.3501,7.2209,5.2125,5.9956,20.798,119.79,0.99692,2.0812,6.6992,34.888,4.0749,6.4261,8.669,76.324,55.74,73.837,0,144,9.2602,4.2058,406.73,7.6956,30.747,119.97,4.0298,5.3941,3.8287,16.996,3.7561,31.445,32.376,9.4638,8.6248,4.8065,19.406,1.1251,8.3706,145.88,41.653,116.29,23.101,0,20.374,0,12.442,0,282.91,0,130.39,26.184,29.609,25.879,0,89.93,15.902,6.9102,0,0,53.006,1.6885,185.01,8.2309,114.7,2.2006,0,4.9326,20.507,6.5794,0.15159,1.1884,1.5746,0.87641,10.31,210.61,96.066,235.91,206.01,218.25,249.58,222.71,9.7713,36.155,13.264,0,1453.2,0,0,26.169,2.7993,5.0586,3.4602,15.562,0,0,0,0,1.7879,7.6845,9.8094,4.739,0,0,20.374,16.348,5.8317,18.049,2134
5.3352,82.291,114.12,5.6789,0,0,27.373,0,0,50.303,22.009,0,0,0,6.1497,3.4949,0.017736,0.020874,0.064761,8.9299,4.0608,2.398,5.7485,0,6.3126,8.5432,1.8809,9.1093,28.819,16.563,7.5853,2.2084,1.2918,0,0.16442,12.289,1.6673,2.2011,0.91518,0.22299,1.3301,0.38128,0.43418,74.721,0,2.5505,0.14495,0.45413,0.93825,0.17234,0.46091,4.8926,5.0833,4.8362,2.4423,1.5748,2.1255,0,1.7648,6.1218,6.7486,0.29344,0.37778,1.9719,6.3328,1.1994,1.8915,2.5517,22.466,16.407,21.734,0,60.227,2.7258,1.238,67.439,2.2652,9.0503,35.314,1.1862,1.5878,1.127,12.994,1.1056,9.2559,9.5298,2.7857,2.5387,1.4148,5.7121,0,0,42.94,0.098411,21.109,10.064,0,0.048136,0,0.70096,0,123.25,0,202.05,4.7529,12.899,4.6976,0,16.324,3.9755,1.7275,0,0,22.012,0.73558,76.829,3.0548,49.969,0.95869,0,2.3468,17.715,1.9367,0.044621,0.19704,0.26109,0.75709,4.9052,61.994,28.277,69.442,60.638,64.242,73.464,65.555,0.55048,27.642,3.3158,74.869,2.4219,0,0,0.061828,0.0066138,2.1007,1.0185,4.5807,0,0,0,0,0,3.1911,0.023176,0.011196,0,0,15.577,4.8122,5.0377,0.042643,2120
1.2696,19.582,27.156,7.1481,0,0,17.411,0,0,29.064,26.526,0,0,0,4.6596,0.83164,0.092229,0.10855,0.33676,5.7949,4.8942,2.8902,6.9283,0,7.6082,4.9361,1.0868,10.979,18.702,19.963,9.1421,2.6616,3.4442,1.7192,0.979,17.462,2.3691,3.1276,1.2485,0.3042,0.73283,0.21007,0.23921,41.168,0,0.60691,0.19774,0.61952,0.51693,3.5358,0.25394,2.6956,2.8007,1.1508,0.58117,0.37474,0.50578,0,0.41996,1.4567,0,0.069828,0.45532,0.46924,7.6325,0.28542,0.45011,0.60721,5.346,3.9043,5.1718,0,92.23,0.64862,0.29459,91.999,0.53903,2.1536,8.4033,0.28226,0.37782,0.26818,9.2637,0.26309,2.2025,2.2677,0.66288,0.60411,0.33667,1.3592,0,0,10.218,0.51174,25.441,8.0709,0,0.25031,0,1.202e-11,0,98.842,0,0,5.7284,10.345,5.6617,0,19.674,5.004,2.1745,0,0,14.001,0.58991,48.868,1.6122,40.073,0.76883,0,3.3346,9.7604,0.46085,0.010618,0.2688,0.35617,0.41712,6.9699,14.752,6.7288,16.524,14.429,15.287,17.482,15.599,0,19.707,4.1737,128.24,49.689,0,0,0.32151,0.034392,1.3362,0.24237,1.09,0,0,0,0,0,2.0298,0.12052,0.058222,0,0,11.105,1.1451,2.7756,0.22174,2075
1.8826,29.037,40.268,4.7158,0,0,16.84,0,0,0.50441,36.455,0,0,0,5.5857,1.2332,0,4.1231e-11,1.2738e-09,1.5794,6.7261,3.972,9.5217,0,10.456,0.085666,0.018861,15.088,5.0971,27.435,12.564,3.6578,0.79328,0,0,11.091,1.5047,1.9865,1.0386,0.25307,0.93862,0.26906,0.30639,52.729,0,0.89996,0.1645,0.51539,0.6621,0.23441,0.32525,3.4526,3.5872,1.7065,0.86177,0.55568,0.74999,0,0.62273,2.1601,0,0.10354,0.62575,0.6958,10.489,0.42323,0.66744,0.9004,7.9273,5.7894,7.669,0,52.814,0.9618,0.43683,76.536,0.79929,3.1935,12.461,0.41855,0.56025,0.39766,6.3979,0.39012,3.266,3.3626,0.98295,0.8958,0.49922,2.0155,0,0,15.152,0,34.964,9.3167,0,5.1792e-10,0,1.202e-11,0,114.1,0,0,7.8726,11.942,7.7809,0,27.038,3.3013,1.4345,0,0,13.542,0.68097,47.266,1.8951,46.259,0.88752,0,2.118,12.501,0.68336,0.015745,0.22362,0.29631,0.53426,4.427,21.875,9.9778,24.503,21.397,22.668,25.922,23.131,0,13.61,2.7535,215.62,3.2942,0,0,7.5919e-10,1.1569e-10,1.2924,0.35939,1.6163,0,0,0,0,0,1.9632,0,5.5853e-11,0,0,7.6698,1.698,3.555,7.2884e-11,1700
0.78023,12.034,16.689,2.9877,0,0,26.324,0,0,22.864,17.889,0,0,0,2.2879,0.51109,0,4.1231e-11,1.2738e-09,4.8798,3.3006,1.9491,4.6724,0,5.1309,3.8831,0.85493,7.4041,15.748,13.463,6.1654,1.795,2.0598,0.40956,0.45507,14.135,1.9177,2.5317,1.0826,0.26379,0.49015,0.1405,0.16,27.535,0,0.37298,0.17147,0.53722,0.34575,0.45219,0.16985,1.803,1.8732,0.70725,0.35716,0.2303,0.31083,0,0.25809,0.89525,0,0.042913,0.30706,0.28837,5.1473,0.17541,0.27662,0.37317,3.2855,2.3994,3.1784,0,71.646,0.39862,0.18104,79.777,0.33127,1.3235,5.1643,0.17347,0.23219,0.16481,6.9387,0.16169,1.3536,1.3936,0.40738,0.37126,0.2069,0.83534,0,0,6.2796,0,17.157,5.3734,0,5.1792e-10,0,1.202e-11,0,65.807,0,0,3.8632,6.8874,3.8182,0,13.268,2.0915,0.90886,0,0,21.169,0.39275,73.886,1.9517,26.68,0.51187,0,2.6993,6.5282,0.28322,0.0065253,0.23309,0.30885,0.27899,5.6419,9.0661,4.1353,10.155,8.8677,9.3947,10.743,9.5868,0,14.761,1.7445,0,6.3547,0,0,7.5919e-10,1.1569e-10,2.0202,0.14895,0.66988,0,0,0,0,0,3.0689,0,5.5853e-11,0,0,8.3181,0.70374,1.8564,7.2884e-11,1829
0.22775,3.5129,4.8716,3.3669,0,0,17.411,0,0,36.72,12.535,0,0,0,1.9819,0.14919,0,4.1231e-11,1.2738e-09,6.925,2.3128,1.3658,3.274,0,3.5953,6.2363,1.373,5.1881,22.349,9.4335,4.3201,1.2577,7.7255,5.7696,2.5993,27.751,3.765,4.9706,0.12446,0.030325,0.43452,0.12456,0.14184,24.41,0,0.10888,0.019712,0.061757,0.30651,0.30921,0.15057,1.5983,1.6606,0.20645,0.10426,0.067226,0.090733,0,0.075337,0.26133,0,0.012527,0.21516,0.084178,3.6068,0.051202,0.080747,0.10893,0.95904,0.7004,0.92779,0,155.89,0.11636,0.052847,9.171,0.096698,0.38634,1.5075,0.050636,0.067779,0.048109,4.6224,0.047197,0.39512,0.40681,0.11892,0.10837,0.060396,0.24384,0,0,1.833,0,12.022,1.587,0,5.1792e-10,0,1.202e-11,0,19.436,0,0,2.707,2.0342,2.6754,0,9.2971,2.357,1.0242,0,0,14.001,0.116,48.868,2.0648,7.8798,0.15118,0,5.2996,5.7873,0.082673,0.0019048,0.026796,0.035505,0.24733,11.077,2.6464,1.2071,2.9644,2.5885,2.7424,3.1361,2.7984,0,9.8333,1.9659,0,4.3454,0,0,7.5919e-10,1.1569e-10,1.3362,0.043479,0.19554,0,0,0,0,0,2.0298,0,5.5853e-11,0,0,5.5413,0.20542,1.6457,7.2884e-11,1670
2.5411,39.194,54.354,11.159,0,0,56.36,6.6933,0,73.755,52.754,0,0,0,3.1448,1.6646,4.5671,5.3751,16.676,12.391,9.7334,5.7478,13.779,0,15.131,12.526,2.7578,21.834,39.991,39.701,18.182,5.2933,2.3129,0.64899,0.55085,14.743,2.0002,2.6407,0.79684,0.19416,0.25263,0.072418,0.082465,14.192,1.7792,1.2148,0.12621,0.39541,0.1782,3.3388,0.087542,0.92927,0.96549,2.3034,1.1632,0.75007,1.0123,2.9246,0.84056,2.9157,0,0.13976,0.90552,0.9392,15.179,0.57128,0.90092,1.2154,10.7,7.8146,10.352,0,75.409,1.2983,0.58963,58.718,1.0789,4.3105,16.82,0.56496,0.75623,0.53677,0.89304,0.52659,4.4085,4.5389,1.3268,1.2092,0.67385,2.7206,0.026166,0.19467,20.452,25.341,50.597,1.392,0,12.395,0,1.202e-11,0,17.048,0,0,11.392,1.7842,11.26,0,39.127,7.8118,3.3946,0,0,45.322,0.10175,158.19,5.261,6.9117,0.13261,0,2.8154,3.3648,0.9224,0.021252,0.17156,0.22732,0.1438,5.8847,29.527,13.468,33.074,28.881,30.598,34.99,31.223,0,1.8998,6.5156,0,46.921,0,0,15.921,1.7031,4.3253,0.48511,2.1817,0,0,0,0,1.0031,6.5705,5.9679,2.8831,0,0,1.0706,2.292,0.95683,10.981,2075
7.0066,108.07,149.87,26.491,0,0,84.791,108.75,0,184,125.17,0,0,0,11.99,4.5897,61.866,72.811,225.89,28.664,23.094,13.638,32.693,0,35.901,31.25,6.8801,51.807,92.507,94.199,43.139,12.559,7.6744,5.7213,2.58,27.628,3.7484,4.9486,0.90659,0.2209,0.42047,0.12053,0.13725,23.621,0,3.3495,0.14359,0.44987,0.2966,36.483,0.1457,1.5467,1.607,6.3512,3.2074,2.0682,2.7913,47.517,2.3177,8.0395,0,0.38537,2.1485,2.5896,36.016,1.5752,2.4841,3.3511,29.504,21.547,28.543,0,155.13,3.5797,1.6258,66.806,2.9748,11.885,46.377,1.5578,2.0851,1.48,0,1.452,12.155,12.515,3.6583,3.334,1.858,7.5015,0,0,56.392,343.27,120.05,2.5835,0,167.9,0,1.202e-11,0,31.639,0,0,27.031,3.3113,26.716,0,92.838,18.545,8.0586,0,0,68.185,0.18883,237.99,11.003,12.827,0.2461,0,5.2761,5.6003,2.5433,0.058599,0.19519,0.25864,0.23933,11.028,81.415,37.136,91.196,79.634,84.366,96.478,86.091,0,0,15.468,0,512.71,0,0,215.66,23.07,6.5072,1.3376,6.0157,0,0,0,0,16.298,9.8851,80.841,39.055,0,0,0,6.3197,1.5925,148.74,2001
24.754,381.8,529.48,30.126,0,0,73.607,366.8,0,458.38,150.57,0,0,0,42.771,16.215,206.76,243.33,754.94,69.164,27.781,16.405,39.327,0,43.187,77.849,17.14,62.32,223.21,113.31,51.893,15.108,64.798,59.763,24.199,164.91,22.374,29.538,36.285,8.8411,9.1398,2.62,2.9835,513.45,156.57,11.833,5.747,18.005,6.4472,78.985,3.1672,33.62,34.93,22.438,11.331,7.3066,9.8615,160.27,8.1882,28.403,318.87,1.3615,2.5845,9.149,43.325,5.565,8.7762,11.839,104.24,76.124,100.84,0,1004.5,12.647,5.7438,2673.8,10.51,41.99,163.85,5.5035,7.3667,5.2288,0,5.1297,42.944,44.215,12.925,11.779,6.5642,26.502,2.3026,17.131,199.23,1147.2,144.41,4.1626,0,561.13,0,33.12,0,50.979,0,0,32.516,5.3355,32.137,0,111.68,21.09,9.1643,0,0,59.191,0.30425,206.6,6.7318,20.668,0.39654,0,31.493,121.73,8.9854,0.20702,7.8123,10.352,5.2024,65.825,287.63,131.2,322.19,281.34,298.06,340.85,304.15,26.01,0,17.59,0,1110,0,0,720.75,77.099,5.6489,4.7256,21.253,0,0,0,0,54.973,8.5813,270.17,130.52,0,0,0,22.327,34.617,497.1,2356
46.765,721.3,1000.3,38.229,0,0,102.06,352.13,0,348.33,400.89,0,0,0,119.5,30.634,198.52,233.64,724.86,52.92,73.966,43.679,104.71,0,114.98,59.159,13.025,165.93,170.79,301.7,138.17,40.225,137.2,128.26,51.599,338.9,45.98,60.703,70.599,17.202,14.453,4.143,4.7179,811.93,249.97,22.356,11.182,35.033,10.195,138.97,5.0083,53.164,55.236,42.391,21.407,13.804,18.63,153.86,15.469,53.659,810.67,2.5721,6.8812,17.284,115.35,10.514,16.58,22.367,196.92,143.82,190.51,0,2081,23.892,10.851,5202.4,19.855,79.329,309.54,10.397,13.917,9.8784,0,9.691,81.131,83.532,24.417,22.253,12.401,50.068,3.6762,27.35,376.38,1101.5,384.5,13.506,0,538.78,0,84.203,0,165.4,0,0,86.574,17.311,85.565,0,297.34,26.762,11.629,0,0,82.069,0.98714,286.45,11.597,67.057,1.2865,0,64.721,192.5,16.975,0.39111,15.2,20.141,8.2267,135.28,543.4,247.86,608.68,531.51,563.1,643.94,574.61,66.126,0,22.321,0,1953,0,0,692.03,74.028,7.8322,8.9277,40.151,0,0,0,0,52.775,11.898,259.41,125.32,0,0,0,42.18,54.741,477.29,2870.4
52.254,805.96,1117.7,32.932,0,0,99.153,319.91,0,308.1,412.19,0,0,0,104.82,34.229,180.42,212.34,658.79,46.982,76.051,44.91,107.66,0,118.22,52.326,11.52,170.6,151.62,310.2,142.06,41.359,76.473,70.808,28.618,192.97,26.181,34.564,47.886,11.668,14.223,4.077,4.6426,798.98,347.83,24.98,7.5845,23.762,10.033,269.37,4.9284,52.316,54.355,47.366,23.92,15.424,20.817,139.78,17.285,59.957,1319.3,2.874,7.0752,19.313,118.6,11.747,18.526,24.992,220.04,160.69,212.86,0,1178.1,26.696,12.125,3528.7,22.186,88.639,345.87,11.617,15.551,11.038,25.791,10.828,90.653,93.335,27.283,24.864,13.857,55.945,5.1154,38.058,420.56,1001.1,395.33,12.106,0,489.67,0,137.03,0,148.26,0,0,89.014,15.517,87.977,0,305.72,23.054,10.018,0,0,79.734,0.88484,278.3,18.385,60.108,1.1532,0,36.851,189.43,18.968,0.43702,10.31,13.661,8.0954,77.025,607.18,276.95,680.12,593.89,629.19,719.52,642.05,107.62,54.866,19.228,0,3785.6,0,0,628.96,67.28,7.6093,9.9755,44.864,0,0,0,0,47.945,11.559,235.76,113.9,0,0,30.918,47.131,53.867,433.79,3021.5
24.283,374.55,519.42,23.071,0,0,44.225,25.445,0,159.87,92.429,0,0,0,34.552,15.907,15.096,17.766,55.12,25.102,17.054,10.071,24.142,0,26.511,27.152,5.9779,38.256,81.012,69.559,31.855,9.2742,8.0484,6.075,2.7215,28.527,3.8703,5.1095,2.5275,0.61585,6.7259,1.928,2.1955,377.84,201.05,11.609,0.40032,1.2542,4.7444,199.31,2.3307,24.74,25.705,22.012,11.116,7.1678,9.6741,11.118,8.0326,27.863,336.58,1.3356,1.5865,8.9752,26.595,5.4593,8.6094,11.614,102.26,74.678,98.923,0,160.69,12.406,5.6347,186.25,10.31,41.193,160.73,5.3989,7.2267,5.1295,40.533,5.0322,42.128,43.375,12.679,11.555,6.4395,25.999,2.9568,21.998,195.44,83.76,88.649,6.5693,0,40.97,0,34.96,0,80.453,0,324.97,19.96,8.4202,19.728,0,68.554,16.151,7.0182,0,0,35.564,0.48016,124.13,15.698,32.618,0.6258,0,5.4478,89.581,8.8147,0.20309,0.54418,0.72106,3.8284,11.387,282.17,128.7,316.07,276,292.4,334.38,298.37,27.455,86.225,13.471,0,2801,0,0,52.623,5.6292,3.394,4.6358,20.849,0,0,0,0,3.8135,5.1558,19.726,9.5296,0,0,48.59,21.903,25.474,36.294,2871
9.9299,153.16,212.4,16.565,0,0,55.081,1.5039,0,20.562,109.75,0,0,0,17.56,6.5046,1.6535,1.946,6.0374,4.54,20.249,11.958,28.666,0,31.479,3.4921,0.76885,45.425,14.652,82.594,37.825,11.012,1.9659,0.32074,0.41954,13.909,1.8871,2.4913,4.2245,1.0293,0.8982,0.25747,0.29319,50.458,24.019,4.747,0.6691,2.0963,0.63358,101.21,0.31124,3.3039,3.4327,9.0012,4.5456,2.931,3.9559,0.65713,3.2847,11.394,33.743,0.54616,1.8838,3.6701,31.579,2.2324,3.5205,4.7493,41.814,30.537,40.451,0,70.25,5.0732,2.3041,311.3,4.216,16.844,65.726,2.2077,2.9551,2.0975,16.996,2.0578,17.227,17.737,5.1847,4.725,2.6332,10.631,0.35324,2.628,79.92,9.1744,105.26,18.416,0,4.4875,0,3.5048,0,225.54,0,356.95,23.701,23.605,23.425,0,81.401,11.596,5.0391,0,0,44.293,1.3461,154.6,8.7401,91.439,1.7543,0,2.6562,11.963,3.6045,0.083048,0.90955,1.2052,0.51125,5.5519,115.38,52.629,129.24,112.86,119.57,136.73,122.01,2.7524,36.155,9.672,41.574,1422.4,0,0,5.7639,0.61658,4.2271,1.8957,8.5256,0,0,0,0,0.22539,6.4214,2.1606,1.0438,0,0,20.374,8.9564,3.4019,3.9754,2530
4.6774,72.145,100.05,10.552,0,0,38.881,0,0,40.801,68.101,0,0,0,5.5347,3.064,0.2084,0.24526,0.76092,7.5273,12.565,7.42,17.787,0,19.533,6.9294,1.5256,28.186,24.293,51.251,23.471,6.8332,0,0,0,9.0472,1.2275,1.6205,2.6855,0.65434,1.201,0.34428,0.39205,67.47,0,2.236,0.42534,1.3326,0.8472,26.452,0.41618,4.4178,4.59,4.24,2.1412,1.3807,1.8634,0,1.5472,5.367,0,0.25726,1.1689,1.7288,19.595,1.0516,1.6583,2.2371,19.696,14.384,19.054,0,40.17,2.3897,1.0853,197.89,1.9859,7.9345,30.96,1.0399,1.392,0.98804,12.994,0.9693,8.1147,8.3548,2.4422,2.2257,1.2404,5.0078,0,0,37.646,1.1563,65.316,16.351,0,0.56558,0,1.202e-11,0,200.25,0,671.08,14.707,20.958,14.535,0,50.51,7.3869,3.2099,0,0,31.266,1.1951,109.13,3.0265,81.186,1.5576,0,1.7277,15.996,1.6979,0.039119,0.57819,0.76612,0.68362,3.6113,54.351,24.791,60.88,53.162,56.321,64.407,57.472,0,27.642,6.1611,0,371.74,0,0,0.72646,0.07771,2.9839,0.89295,4.0159,0,0,0,0,0,4.5328,0.27231,0.13156,0,0,15.577,4.2189,4.5488,0.50104,2357
1.539,23.738,32.919,4.1629,0,0,19.554,0,0,13.026,23.914,0,0,0,4.7456,1.0081,0,4.1231e-11,1.2738e-09,3.4276,4.4122,2.6056,6.2461,0,6.859,2.2123,0.48707,9.8978,11.062,17.997,8.2419,2.3995,0.77512,0,0,11.047,1.4988,1.9787,1.9576,0.47697,0.8904,0.25524,0.29065,50.02,0,0.73571,0.31005,0.97138,0.62809,3.212,0.30854,3.2752,3.4029,1.3951,0.7045,0.45427,0.61311,0,0.50908,1.7659,0,0.084647,0.41048,0.56882,6.881,0.34599,0.54563,0.73608,6.4806,4.7328,6.2694,0,52.544,0.78627,0.3571,144.25,0.65342,2.6106,10.187,0.34216,0.458,0.32509,9.2637,0.31892,2.6699,2.749,0.80356,0.73232,0.40811,1.6477,0,0,12.386,0,22.936,9.3167,0,5.1792e-10,0,1.202e-11,0,114.1,0,76.465,5.1643,11.942,5.1042,0,17.737,2.9142,1.2664,0,0,15.724,0.68097,54.883,1.8385,46.259,0.88752,0,2.1097,11.859,0.55865,0.012871,0.42147,0.55846,0.50681,4.4096,17.883,8.1568,20.031,17.492,18.531,21.192,18.91,0,19.707,2.4307,128.8,45.139,0,0,7.5919e-10,1.1569e-10,1.5006,0.2938,1.3213,0,0,0,0,0,2.2796,0,5.5853e-11,0,0,11.105,1.3881,3.3724,7.2884e-11,2040
0.73932,11.403,15.814,1.5641,0,0,7.2574,0,0,15.684,10.524,0,0,0,1.0055,0.48429,0.10642,0.12525,0.38857,3.82,1.9417,1.1466,2.7488,0,3.0185,2.6637,0.58646,4.3558,12.328,7.92,3.6271,1.056,0,0,0,8.9491,1.2141,1.6029,0.57409,0.13988,0.33854,0.097043,0.11051,19.018,9.7854,0.35343,0.090927,0.28487,0.2388,1.0363,0.11731,1.2453,1.2938,0.67017,0.33844,0.21823,0.29453,0,0.24456,0.84831,0,0.040664,0.18064,0.27325,3.0282,0.16621,0.26212,0.3536,3.1132,2.2736,3.0118,0,39.563,0.37772,0.17155,42.304,0.3139,1.2541,4.8936,0.16437,0.22002,0.15617,6.3979,0.15321,1.2826,1.3206,0.38602,0.3518,0.19605,0.79154,0.14391,1.0707,5.9504,0.59047,10.094,3.6739,0,0.28882,0,1.202e-11,0,44.993,0,0,2.2727,4.709,2.2462,0,7.8056,1.0949,0.4758,0,0,5.8361,0.26853,20.37,2.0082,18.241,0.34997,0,1.709,4.5089,0.26837,0.0061832,0.1236,0.16378,0.19269,3.5721,8.5908,3.9185,9.6228,8.4028,8.9022,10.18,9.0841,0,13.61,0.91325,191.95,14.564,0,0,0.37097,0.039683,0.55696,0.14114,0.63476,0,0,0,0,0,0.84608,0.13906,0.067179,0,0,7.6698,0.66684,1.2822,0.25586,2037
0.82254,12.687,17.594,2.8708,0,0,25.436,0,0,24.237,10.702,0,0,0,4.5234,0.53881,0,4.1231e-11,1.2738e-09,5.0824,1.9746,1.166,2.7953,0,3.0696,4.1163,0.90627,4.4295,16.402,8.054,3.6884,1.0738,0,0,0,7.5812,1.0286,1.3579,1.2566,0.30619,0.47801,0.13702,0.15603,26.853,0,0.39321,0.19903,0.62356,0.33718,0.19817,0.16564,1.7583,1.8268,0.7456,0.37653,0.24279,0.32769,0,0.27208,0.9438,0,0.045241,0.1837,0.30401,3.0794,0.18492,0.29162,0.39341,3.4636,2.5295,3.3508,0,31.1,0.42023,0.19086,92.599,0.34923,1.3953,5.4444,0.18287,0.24479,0.17375,6.9387,0.17045,1.427,1.4692,0.42947,0.3914,0.21812,0.88064,0,0,6.6201,0,10.264,5.1426,0,5.1792e-10,0,1.202e-11,0,62.98,0,0,2.3111,6.5915,2.2842,0,7.9376,2.0097,0.8733,0,0,20.455,0.37588,71.394,2.4325,25.534,0.48988,0,1.4478,6.3665,0.29858,0.0068792,0.27055,0.35849,0.27208,3.0261,9.5577,4.3595,10.706,9.3486,9.9042,11.326,10.107,0,14.761,1.6762,6.8457,2.7849,0,0,7.5919e-10,1.1569e-10,1.9521,0.15703,0.70621,0,0,0,0,0,2.9654,0,5.5853e-11,0,0,8.3181,0.7419,1.8104,7.2884e-11,1840
0.52955,8.1678,11.327,3.897,0,0,19.802,0,0,41.559,3.8423,0,0,0,1.9017,0.34688,0,4.1231e-11,1.2738e-09,7.6392,0.70892,0.41864,1.0036,0,1.1021,7.0582,1.554,1.5903,24.654,2.8916,1.3242,0.38553,0.26521,0,0,9.8217,1.3325,1.7592,0.5333,0.12994,0.25963,0.074423,0.084749,14.585,0,0.25315,0.084466,0.26463,0.18314,0.45517,0.089966,0.95501,0.99223,0.48002,0.24241,0.15631,0.21096,0,0.17517,0.60762,0,0.029126,0.065953,0.19572,1.1056,0.11905,0.18775,0.25327,2.2299,1.6285,2.1572,0,44.962,0.27055,0.12288,39.298,0.22483,0.89829,3.5051,0.11773,0.15759,0.11186,4.6224,0.10974,0.91869,0.94588,0.27649,0.25198,0.14043,0.56695,0,0,4.262,0,3.6852,1.5754,0,5.1792e-10,0,1.202e-11,0,19.294,0,0,0.82976,2.0193,0.82009,0,2.8498,2.7281,1.1855,0,0,15.924,0.11515,55.579,2.1497,7.8223,0.15008,0,1.8757,3.4579,0.19222,0.0044288,0.11482,0.15214,0.14778,3.9204,6.1533,2.8067,6.8925,6.0186,6.3763,7.2917,6.5066,0,9.8333,2.2754,105.29,6.3967,0,0,7.5919e-10,1.1569e-10,1.5197,0.10109,0.45466,0,0,0,0,0,2.3085,0,5.5853e-11,0,0,5.5413,0.47763,0.98333,7.2884e-11,1902
2.4478,37.755,52.358,9.6801,0,0,57.685,0,0,116.03,46.997,0,0,0,3.59,1.6034,0,4.1231e-11,1.2738e-09,18.631,8.6712,5.1206,12.275,0,13.48,19.706,4.3386,19.452,60.129,35.368,16.197,4.7156,1.2807,0,0.16019,12.262,1.6636,2.1963,1.4132,0.34435,0.53194,0.15248,0.17364,29.883,0,1.1702,0.22383,0.70128,0.37523,17.025,0.18433,1.9567,2.033,2.2188,1.1205,0.72252,0.97516,0,0.80969,2.8087,0,0.13463,0.8067,0.90471,13.523,0.5503,0.86784,1.1707,10.307,7.5276,9.9715,0,60.061,1.2506,0.56798,104.14,1.0393,4.1523,16.202,0.54421,0.72846,0.51706,0.89304,0.50725,4.2466,4.3722,1.2781,1.1648,0.64911,2.6207,0,0,19.701,0,45.075,2.004,0,5.1792e-10,0,1.202e-11,0,24.543,0,0,10.149,2.5687,10.031,0,34.857,6.7765,2.9447,0,0,46.388,0.14648,161.91,2.7154,9.9503,0.19091,0,2.3417,7.0849,0.88853,0.020472,0.30428,0.40317,0.30278,4.8945,28.443,12.974,31.86,27.821,29.474,33.705,30.076,0,1.8998,5.6521,0,239.26,0,0,7.5919e-10,1.1569e-10,4.427,0.4673,2.1016,0,0,0,0,0,6.725,0,5.5853e-11,0,0,1.0706,2.2078,2.0147,7.2884e-11,2189
7.9033,121.9,169.05,31.66,0,0,98.597,83.613,0,282.34,227.11,0,0,0,12.349,5.177,47.755,56.203,174.37,43.18,41.903,24.745,59.319,0,65.14,47.951,10.557,93.999,139.35,170.92,78.273,22.788,3.6546,1.9183,1.0586,17.967,2.4377,3.2182,1.4854,0.36194,0.65393,0.18745,0.21346,36.736,0,3.7781,0.23527,0.7371,0.46128,45.182,0.2266,2.4054,2.4992,7.1641,3.6178,2.3328,3.1485,36.535,2.6143,9.0684,14.341,0.43469,3.8983,2.9211,65.348,1.7768,2.802,3.78,33.28,24.305,32.195,0,95.359,4.0378,1.8339,109.46,3.3555,13.407,52.312,1.7571,2.352,1.6694,0,1.6378,13.711,14.117,4.1265,3.7607,2.0958,8.4615,0,0,63.609,264.97,217.82,3.1623,0,129.6,0,1.4896,0,38.728,0,0,49.045,4.0533,48.474,0,168.45,22.164,9.631,0,0,79.287,0.23114,276.74,6.251,15.701,0.30124,0,3.4312,8.7097,2.8688,0.066098,0.31982,0.42377,0.37222,7.1718,91.834,41.888,102.87,89.825,95.163,108.83,97.108,1.1698,0,18.486,0.39139,634.96,0,0,166.47,17.808,7.5667,1.5088,6.7855,0,0,0,0,12.531,11.495,62.401,30.146,0,0,0,7.1285,2.4768,114.81,1540
18.097,279.13,387.1,42.71,0,0,114.47,234.29,0,408.65,266.02,0,0,0,42.771,11.855,132.36,155.77,483.28,61.823,49.082,28.984,69.482,0,76.3,69.403,15.28,110.1,199.52,200.2,91.683,26.692,55.174,50.658,20.557,141.78,19.236,25.395,27.764,6.7649,6.6976,1.9199,2.1863,376.25,69.388,8.6514,4.3974,13.777,4.7245,105.95,2.3209,24.636,25.597,16.405,8.2843,5.3418,7.2097,102.37,5.9863,20.765,199.08,0.99537,4.5662,6.6888,76.544,4.0686,6.4162,8.6556,76.206,55.654,73.723,0,861.4,9.2459,4.1993,2045.9,7.6837,30.699,119.79,4.0235,5.3857,3.8228,0,3.7503,31.396,32.325,9.4492,8.6114,4.7991,19.376,1.0205,7.592,145.65,734.39,255.14,6.384,0,359.21,0,20.678,0,78.184,0,0,57.448,8.1827,56.779,0,197.31,29.899,12.992,0,0,92.048,0.46662,321.28,11.738,31.698,0.60815,0,27.076,89.204,6.5692,0.15135,5.9777,7.9206,3.8122,56.593,210.29,95.917,235.55,205.69,217.91,249.19,222.36,16.239,0,24.938,0,1489,0,0,461.39,49.356,8.7845,3.4549,15.538,0,0,0,0,35.114,13.345,172.95,83.553,0,0,0,16.323,25.367,318.22,2421
46.171,712.15,987.6,33.06,0,0,110.15,267.3,0,440.72,287.12,0,0,0,123.2,30.245,150.89,177.59,550.95,66.557,52.975,31.283,74.993,0,82.352,74.85,16.479,118.84,214.8,216.08,98.955,28.809,97.92,91.098,36.735,244.51,33.174,43.796,74.854,18.239,17.725,5.081,5.7859,995.74,362.06,22.072,11.856,37.144,12.503,199.31,6.1421,65.2,67.741,41.853,21.136,13.629,18.394,116.8,15.273,52.978,784.52,2.5395,4.9284,17.065,82.615,10.38,16.37,22.083,194.42,141.99,188.09,0,1497,23.589,10.713,5515.9,19.603,78.322,305.61,10.265,13.741,9.753,0,9.568,80.101,82.471,24.107,21.97,12.244,49.433,5.3247,39.615,371.61,837.23,275.38,15.05,0,409.51,0,81.487,0,184.32,0,0,62.005,19.291,61.282,0,212.96,23.144,10.057,0,0,88.578,1.1001,309.17,11.173,74.728,1.4337,0,46.695,236.08,16.76,0.38615,16.116,21.355,10.089,97.599,536.5,244.71,600.95,524.76,555.95,635.76,567.31,63.993,0,19.303,0,2801,0,0,526,56.267,8.4534,8.8144,39.641,0,0,0,0,40.061,12.842,197.17,95.254,0,0,0,41.645,67.133,362.78,2427
35.107,541.49,750.93,32.346,0,0,92.148,138.81,0,377.67,262.79,0,0,0,83.793,22.997,78.744,92.675,287.52,57.251,48.486,28.632,68.638,0,75.374,64.142,14.122,108.77,184.76,197.77,90.57,26.368,45.563,41.566,16.92,118.69,16.102,21.258,34.616,8.4344,9.1146,2.6127,2.9752,512.03,223.29,16.783,5.4826,17.177,6.4294,329.64,3.1584,33.527,34.834,31.823,16.071,10.363,13.986,60.652,11.613,40.282,597.25,1.9309,4.5108,12.976,75.615,7.8925,12.447,16.791,147.83,107.96,143.01,0,718.5,17.936,8.1461,2550.8,14.905,59.553,232.37,7.8052,10.448,7.4158,25.791,7.2751,60.905,62.708,18.33,16.705,9.3096,37.587,3.2839,24.431,282.55,436.92,252.04,16.788,0,213.71,0,62.035,0,205.6,0,0,56.751,21.518,56.089,0,194.91,22.644,9.8397,0,0,74.101,1.2271,258.64,17.565,83.355,1.5992,0,22.665,121.4,12.744,0.29361,7.4529,9.8753,5.188,47.374,407.93,186.07,456.94,399.01,422.72,483.41,431.36,48.718,54.866,18.886,0,4632.6,0,0,274.5,29.364,7.0718,6.7021,30.142,0,0,0,0,20.803,10.743,102.9,49.71,0,0,30.918,31.665,34.521,189.32,2793.8
34.114,526.18,729.7,31.635,0,0,78.439,29.73,0,418.22,125.17,0,0,0,32.789,22.347,17.501,20.597,63.903,63.236,23.094,13.638,32.693,0,35.901,71.028,15.638,51.807,204.08,94.199,43.139,12.559,8.8884,6.8697,3.0394,30.545,4.1442,5.4711,4.2849,1.0441,6.14,1.7601,2.0043,344.93,204.6,16.308,0.67866,2.1263,4.3312,277.19,2.1277,22.586,23.466,30.923,15.616,10.07,13.591,12.99,11.284,39.144,194.86,1.8763,2.1485,12.609,36.016,7.6694,12.095,16.316,143.65,104.91,138.97,0,173.18,17.429,7.9158,315.75,14.484,57.869,225.8,7.5846,10.152,7.2061,40.533,7.0694,59.183,60.935,17.812,16.233,9.0464,36.524,3.009,22.386,274.57,97.107,120.05,17.669,0,47.498,0,20.24,0,216.39,0,394.23,27.031,22.647,26.716,0,92.838,22.146,9.6234,0,0,63.076,1.2915,220.16,23.109,87.73,1.6832,0,5.8333,81.779,12.383,0.28531,0.92255,1.2224,3.4949,12.192,396.4,180.81,444.02,387.73,410.77,469.74,419.17,15.895,86.225,18.471,0,3895.4,0,0,61.009,6.5262,6.0197,6.5126,29.29,0,0,0,0,4.4556,9.1445,22.869,11.048,0,0,48.59,30.77,23.255,42.078,2350
8.9823,138.54,192.13,13.179,0,0,41.45,2.634,0,63.983,127.4,0,0,0,14,5.8839,2.288,2.6927,8.3542,10.949,23.506,13.881,33.276,0,36.541,10.867,2.3925,52.73,35.336,95.877,43.908,12.783,2.1216,0.46803,0.47846,14.283,1.9378,2.5583,5.3586,1.3057,1.0956,0.31406,0.35763,61.547,0,4.2939,0.84872,2.659,0.77283,138.97,0.37965,4.03,4.1871,8.1421,4.1118,2.6513,3.5784,1.1509,2.9712,10.306,24.464,0.49404,2.1868,3.3199,36.658,2.0194,3.1846,4.2961,37.824,27.623,36.591,0,72.565,4.589,2.0842,394.87,3.8137,15.237,59.454,1.997,2.6731,1.8974,16.996,1.8614,15.583,16.044,4.6899,4.2741,2.3819,9.6167,0,0,72.293,12.695,122.19,19.948,0,6.2095,0,2.541,0,244.3,0,678.86,27.513,25.568,27.192,0,94.492,9.2259,4.0091,0,0,33.332,1.458,116.34,17.028,99.045,1.9003,0,2.7277,14.592,3.2605,0.075122,1.1537,1.5287,0.62361,5.7012,104.37,47.607,116.91,102.09,108.16,123.68,110.37,1.9955,36.155,7.695,0,1953,0,0,7.9758,0.85318,3.181,1.7148,7.7119,0,0,0,0,0.39476,4.8323,2.9897,1.4443,0,0,20.374,8.1017,4.1495,5.5009,2335
5.381,82.997,115.1,6.5826,0,0,31.207,1.0324,0,41.653,46.997,0,0,0,8.2336,3.5249,1.3888,1.6344,5.0708,7.6531,8.6712,5.1206,12.275,0,13.48,7.0741,1.5575,19.452,24.699,35.368,16.197,4.7156,0,0,0,7.4629,1.0125,1.3367,1.5519,0.37814,1.5153,0.43436,0.49463,85.124,1.7792,2.5724,0.2458,0.7701,1.0689,29.437,0.52508,5.5738,5.7911,4.8777,2.4633,1.5883,2.1437,0.45112,1.78,6.1743,12.654,0.29596,0.8067,1.9888,13.523,1.2097,1.9078,2.5737,22.659,16.548,21.921,0,30.368,2.7492,1.2486,114.36,2.2847,9.128,35.617,1.1964,1.6014,1.1367,12.994,1.1151,9.3353,9.6116,2.8096,2.5605,1.427,5.7611,0.026166,0.19467,43.309,7.7056,45.075,12.05,0,3.769,0,1.3143,0,147.57,0,884.22,10.149,15.445,10.031,0,34.857,4.6081,2.0024,0,0,25.095,0.88072,87.59,9.3906,59.828,1.1479,0,1.4252,20.182,1.9533,0.045004,0.33414,0.44274,0.86249,2.9789,62.527,28.52,70.038,61.159,64.793,74.095,66.118,1.0322,27.642,3.8435,0,413.69,0,0,4.8412,0.51786,2.3949,1.0273,4.62,0,0,0,0,0.15473,3.6381,1.8147,0.87669,0,0,15.577,4.8535,5.7391,3.3389,1965
2.273,35.059,48.619,5.925,0,0,21.725,0,0,52.503,22.333,0,0,0,4.8105,1.4889,0.081587,0.09602,0.2979,9.2546,4.1205,2.4333,5.8332,0,6.4056,8.9168,1.9632,9.2434,29.867,16.807,7.697,2.2409,3.8264,2.0808,1.1236,18.38,2.4937,3.2921,1.4305,0.34855,0.57673,0.16532,0.18826,32.399,0.88958,1.0866,0.22656,0.70983,0.40682,5.4335,0.19985,2.1214,2.2041,2.0604,1.0405,0.67092,0.90552,0,0.75187,2.6081,0,0.12502,0.38334,0.8401,6.4261,0.511,0.80586,1.0871,9.5713,6.99,9.2594,0,97.913,1.1613,0.52742,105.41,0.96505,3.8557,15.045,0.50535,0.67644,0.48013,9.2637,0.47103,3.9433,4.06,1.1868,1.0816,0.60275,2.4335,0.013083,0.097333,18.294,0.45269,21.42,11.06,0,0.22142,0,1.202e-11,0,135.45,0,369.08,4.8229,14.176,4.7667,0,16.564,4.1478,1.8024,0,0,17.47,0.80839,60.977,2.2911,54.915,1.0536,0,3.5101,7.6814,0.82508,0.01901,0.30799,0.40809,0.32827,7.3366,26.412,12.047,29.585,25.834,27.369,31.298,27.928,0,19.707,3.4595,0,76.358,0,0,0.28441,0.030424,1.6672,0.43393,1.9515,0,0,0,0,0,2.5327,0.10661,0.051504,0,0,11.105,2.0502,2.1844,0.19616,2582
1.2097,18.658,25.875,2.8791,0,0,7.2984,0,0,20.346,10.428,0,0,0,5.1332,0.79241,0,4.1231e-11,1.2738e-09,4.5081,1.924,1.1362,2.7237,0,2.991,3.4555,0.76078,4.3161,14.549,7.8478,3.594,1.0463,1.8519,0.2129,0.37639,13.635,1.8499,2.4422,0.86092,0.20977,1.0701,0.30674,0.3493,60.113,0,0.57828,0.13636,0.4272,0.75482,0.40121,0.3708,3.9361,4.0895,1.0965,0.55375,0.35707,0.48192,0,0.40015,1.388,0,0.066534,0.179,0.4471,3.0005,0.27196,0.42888,0.57857,5.0939,3.7201,4.9279,0,68.555,0.61803,0.28069,63.44,0.5136,2.052,8.0069,0.26895,0.36,0.25553,6.3979,0.25068,2.0986,2.1607,0.63161,0.57562,0.32079,1.2951,0,0,9.736,0,10.002,6.7802,0,5.1792e-10,0,1.202e-11,0,83.035,0,0,2.252,8.6904,2.2257,0,7.7344,2.0155,0.87582,0,0,5.869,0.49557,20.485,2.2628,33.664,0.64588,0,2.6039,14.252,0.43911,0.010117,0.18536,0.24561,0.60908,5.4425,14.056,6.4114,15.745,13.749,14.566,16.657,14.864,0,13.61,1.6811,115.59,5.6383,0,0,7.5919e-10,1.1569e-10,0.5601,0.23093,1.0386,0,0,0,0,0,0.85086,0,5.5853e-11,0,0,7.6698,1.0911,4.0528,7.2884e-11,2320
0.67032,10.339,14.338,1.4803,0,0,16.007,0,0,12.299,2.9817,0,0,0,2.3098,0.43909,0,4.1231e-11,1.2738e-09,3.3203,0.55014,0.32487,0.77879,0,0.85521,2.0888,0.45988,1.2341,10.716,2.2439,1.0276,0.29918,2.5709,0.89312,0.64851,15.363,2.0843,2.7517,0.10687,0.026041,0.63456,0.1819,0.20714,35.648,0,0.32044,0.016927,0.053033,0.44762,0.6759,0.21989,2.3342,2.4252,0.60762,0.30685,0.19786,0.26704,0,0.22173,0.76914,0,0.036868,0.051181,0.24775,0.85795,0.1507,0.23765,0.3206,2.8226,2.0614,2.7307,0,79.246,0.34246,0.15554,7.8755,0.2846,1.1371,4.4368,0.14903,0.19949,0.14159,6.9387,0.13891,1.1629,1.1973,0.34999,0.31896,0.17776,0.71766,0,0,5.395,0,2.8598,2.3883,0,5.1792e-10,0,1.202e-11,0,29.249,0,0,0.64391,3.0612,0.63641,0,2.2115,1.0363,0.45031,0,0,12.872,0.17456,44.927,0.42428,11.858,0.22751,0,2.9339,8.4517,0.24332,0.0056061,0.023011,0.03049,0.36119,6.1323,7.7889,3.5527,8.7246,7.6185,8.0713,9.23,8.2363,0,14.761,0.86432,22.606,9.4986,0,0,7.5919e-10,1.1569e-10,1.2284,0.12797,0.57552,0,0,0,0,0,1.8661,0,5.5853e-11,0,0,8.3181,0.6046,2.4034,7.2884e-11,2020
0.2232,3.4426,4.7742,4.0072,0,0,9.3288,2.6545,0,43.49,12.113,0,0,0,1.2387,0.14621,2.2995,2.7063,8.3963,7.9243,2.2349,1.3198,3.1638,0,3.4743,7.3861,1.6262,5.0135,25.574,9.1159,4.1747,1.2154,0.40583,0,0,10.16,1.3784,1.8197,0.72483,0.17661,0.12058,0.034565,0.039361,6.7739,3.5583,0.1067,0.1148,0.35968,0.085058,0.71727,0.041784,0.44355,0.46083,0.20232,0.10217,0.065882,0.088919,1.1599,0.073831,0.2561,0,0.012276,0.20792,0.082495,3.4854,0.050179,0.079133,0.10675,0.93987,0.6864,0.90924,0,47.053,0.11403,0.05179,53.412,0.094765,0.37862,1.4774,0.049623,0.066424,0.047147,4.6224,0.046253,0.38722,0.39868,0.11654,0.10621,0.059188,0.23896,0.052331,0.38933,1.7964,12.759,11.618,1.4734,0,6.2408,0,1.202e-11,0,18.045,0,0,2.6159,1.8886,2.5854,0,8.9841,2.8052,1.219,0,0,7.5018,0.1077,26.184,3.8185,7.3159,0.14036,0,1.9402,1.606,0.08102,0.0018667,0.15606,0.20678,0.068635,4.0553,2.5935,1.183,2.9051,2.5368,2.6875,3.0734,2.7425,0,9.8333,2.3397,70.239,10.08,0,0,8.016,0.85748,0.71593,0.04261,0.19163,0,0,0,0,0.39784,1.0876,3.0048,1.4516,0,0,5.5413,0.20132,0.4567,5.5286,2444
1.2292,18.96,26.293,7.6866,0,0,12.267,23.293,0,94.902,21.132,0,0,0,2.6318,0.80521,13.888,16.344,50.708,15.513,3.899,2.3024,5.5195,0,6.0611,16.118,3.5486,8.7464,50.064,15.903,7.2831,2.1204,0,0,0,4.1337,0.56083,0.74041,0.38452,0.093692,0.24579,0.070458,0.080234,13.808,0,0.58763,0.060902,0.19081,0.17338,10.675,0.085173,0.90413,0.93937,1.1143,0.5627,0.36283,0.4897,10.178,0.40661,1.4104,0,0.067609,0.36273,0.45432,6.0805,0.27635,0.43581,0.58792,5.1761,3.7802,5.0075,0,9.7704,0.62801,0.28523,28.335,0.5219,2.0852,8.1362,0.27329,0.36582,0.25965,0.89304,0.25473,2.1325,2.1956,0.64182,0.58491,0.32597,1.3161,0,0,9.8933,77.056,20.268,1.3386,0,37.69,0,1.202e-11,0,16.393,0,0,4.5635,1.7157,4.5104,0,15.673,5.381,2.3383,0,0,9.8643,0.097836,34.43,2.3477,6.6461,0.12751,0,0.78942,3.2737,0.4462,0.01028,0.082789,0.1097,0.13991,1.65,14.283,6.515,15.999,13.971,14.801,16.926,15.104,0,1.8998,4.4881,0,150.02,0,0,48.412,5.1786,0.94139,0.23467,1.0554,0,0,0,0,3.491,1.4301,18.147,8.7669,0,0,1.0706,1.1087,0.93094,33.389,2919.9
6.5302,100.72,139.68,25.821,0,0,42.757,72.558,0,232.38,101.07,0,0,0,8.1607,4.2776,41.548,48.898,151.7,35.805,18.648,11.012,26.399,0,28.989,39.466,8.6892,41.832,115.55,76.062,34.833,10.141,6.8701,4.9603,2.2756,25.695,3.4861,4.6023,1.9181,0.46735,0.59836,0.17152,0.19532,33.614,3.5583,3.1217,0.30379,0.95178,0.42208,17.939,0.20734,2.201,2.2868,5.9194,2.9893,1.9275,2.6015,31.704,2.1601,7.4929,0,0.35917,1.7349,2.4136,29.082,1.4681,2.3152,3.1233,27.498,20.082,26.602,0,143.17,3.3363,1.5152,141.34,2.7726,11.077,43.223,1.4518,1.9434,1.3794,0,1.3532,11.329,11.664,3.4096,3.1073,1.7317,6.9914,0.052331,0.38933,52.558,230.53,96.937,2.5471,0,112.76,0,1.202e-11,0,31.194,0,78.853,21.826,3.2648,21.572,0,74.963,18.076,7.8548,0,0,34.383,0.18617,120.01,8.0895,12.647,0.24264,0,4.907,7.9695,2.3704,0.054614,0.41297,0.54719,0.34058,10.256,75.879,34.611,84.995,74.219,78.63,89.919,80.237,0,0,15.076,0,252.1,0,0,144.83,15.493,3.2813,1.2466,5.6066,0,0,0,0,10.874,4.9847,54.29,26.228,0,0,0,5.89,2.2663,99.892,2753
17.797,274.5,380.67,29.743,0,0,73.607,236.96,0,405.48,183.83,0,0,0,43.062,11.658,133.85,157.53,488.75,61.355,33.917,20.029,48.015,0,52.726,68.865,15.162,76.086,198.01,138.34,63.356,18.445,50.937,46.65,18.954,131.6,17.855,23.572,12.742,3.1047,6.0064,1.7218,1.9606,337.42,36.473,8.5076,2.0182,6.3229,4.2369,44.331,2.0813,22.094,22.955,16.132,8.1467,5.2531,7.0899,103.54,5.8869,20.42,180.52,0.97884,3.1554,6.5777,52.895,4.001,6.3096,8.5119,74.94,54.73,72.498,0,798.41,9.0923,4.1295,938.96,7.556,30.189,117.8,3.9567,5.2963,3.7593,0,3.688,30.875,31.788,9.2922,8.4684,4.7194,19.054,0.5364,3.9907,143.24,742.7,176.31,5.3604,0,363.28,0,18.75,0,65.648,0,0,39.699,6.8707,39.236,0,136.35,20.822,9.0478,0,0,59.191,0.3918,206.6,13.831,26.615,0.51064,0,25.132,79.998,6.4601,0.14884,2.7434,3.6352,3.4188,52.529,206.79,94.324,231.64,202.27,214.29,245.06,218.67,14.725,0,17.366,0,622.99,0,0,466.61,49.914,5.6489,3.3975,15.28,0,0,0,0,35.514,8.5813,174.91,84.499,0,0,0,16.052,22.749,321.82,2685
50.033,771.71,1070.2,31.057,0,0,98.476,339.42,0,417.21,266.87,0,0,0,107.69,32.774,191.38,225.24,698.8,63.087,49.239,29.077,69.704,0,76.544,70.857,15.6,110.46,203.6,200.84,91.976,26.777,111.71,104.14,41.953,277.65,37.669,49.731,48.531,11.825,17.653,5.0604,5.7625,991.71,253.53,23.918,7.6866,24.082,12.453,99.066,6.1173,64.936,67.467,45.353,22.903,14.768,19.932,148.31,16.55,57.409,836.82,2.7519,4.5808,18.492,76.789,11.248,17.739,23.93,210.68,153.86,203.82,0,1702,25.562,11.61,3576.2,21.243,84.872,331.17,11.124,14.89,10.569,0,10.368,86.8,89.369,26.124,23.808,13.268,53.567,3.7286,27.74,402.69,1061.9,255.96,10.523,0,519.41,0,86.919,0,128.87,0,0,57.632,13.488,56.96,0,197.94,21.741,9.4475,0,0,79.189,0.76912,276.4,15.953,52.247,1.0024,0,53.022,235.12,18.162,0.41844,10.449,13.845,10.048,110.82,581.37,265.18,651.21,568.65,602.45,688.94,614.76,68.259,0,18.134,0,1392.2,0,0,667.15,71.366,7.5574,9.5516,42.957,0,0,0,0,50.87,11.48,250.08,120.82,0,0,0,45.128,66.861,460.13,3036.8
53.399,823.63,1142.2,41.936,0,0,102.46,125.17,0,348.22,375.06,0,0,0,93.994,34.979,71.087,83.663,259.56,52.904,69.2,40.865,97.962,0,107.57,59.14,13.021,155.23,170.73,282.26,129.26,37.633,56.497,51.91,21.058,144.96,19.667,25.965,23.273,5.6708,13.787,3.9523,4.5006,774.54,389.64,25.527,3.6862,11.549,9.7257,165.97,4.7777,50.716,52.693,48.405,24.444,15.762,21.273,54.692,17.664,61.271,1085.7,2.937,6.4379,19.736,107.92,12.005,18.932,25.54,224.86,164.22,217.53,0,881.08,27.282,12.391,1715,22.672,90.582,353.45,11.872,15.891,11.28,25.791,11.066,92.64,95.381,27.881,25.409,14.16,57.171,5.7303,42.632,429.78,394.43,359.72,23.323,0,192.93,0,112.77,0,285.63,0,0,80.996,29.894,80.052,0,278.18,29.357,12.757,0,0,82.395,1.7047,287.59,14.51,115.8,2.2217,0,27.684,183.63,19.383,0.4466,5.0109,6.6396,7.8478,57.863,620.49,283.02,695.03,606.91,642.98,735.29,656.12,88.56,54.866,24.486,0,2332.4,0,0,247.81,26.508,7.8633,10.194,45.847,0,0,0,0,18.759,11.945,92.889,44.875,0,0,30.918,48.164,52.22,170.91,3104
43.15,665.54,922.97,32.932,0,0,94.542,29.787,0,359.49,201.09,0,0,0,52.841,28.265,17.533,20.635,64.019,54.567,37.102,21.91,52.523,0,57.677,61.054,13.442,83.23,176.1,151.33,69.305,20.177,22.942,20.165,8.3584,64.321,8.7266,11.521,7.4837,1.8235,6.0735,1.741,1.9825,341.19,217.06,20.628,1.1853,3.7136,4.2842,125.51,2.1046,22.341,23.211,39.114,19.752,12.737,17.19,13.015,14.273,49.511,501.92,2.3733,3.4517,15.948,57.861,9.7007,15.298,20.638,181.7,132.7,175.78,0,382.15,22.045,10.012,551.47,18.32,73.196,285.61,9.5934,12.841,9.1147,40.533,8.9418,74.859,77.074,22.53,20.532,11.443,46.198,3.1922,23.749,347.29,97.284,192.87,22.439,0,47.585,0,52.133,0,274.81,0,0,43.426,28.762,42.92,0,149.15,23.054,10.018,0,0,76.026,1.6401,265.36,22.769,111.41,2.1376,0,12.283,80.892,15.663,0.36088,1.6113,2.135,3.457,25.674,501.39,228.7,561.62,490.42,519.57,594.16,530.19,40.942,86.225,19.228,0,1763.8,0,0,61.12,6.5381,7.2555,8.2375,37.047,0,0,0,0,4.4641,11.022,22.911,11.068,0,0,48.59,38.92,23.003,42.154,3047
11.491,177.24,245.8,18.663,0,0,57.144,0,0,52.75,126.85,0,0,0,30.082,7.5275,0.042124,0.049577,0.15381,9.2911,23.404,13.821,33.132,0,36.383,8.9588,1.9724,52.502,29.985,95.463,43.718,12.728,5.2264,3.4053,1.6535,21.745,2.9502,3.8948,5.17,1.2597,3.6196,1.0376,1.1815,203.34,51.596,5.4934,0.81884,2.5654,2.5533,60.327,1.2543,13.314,13.833,10.417,5.2604,3.3919,4.578,0,3.8012,13.186,0,0.63204,2.1774,4.2473,36.5,2.5834,4.0741,5.4961,48.389,35.339,46.812,0,118.73,5.871,2.6664,380.97,4.879,19.493,76.062,2.5549,3.4198,2.4274,16.996,2.3813,19.936,20.526,6,5.4681,3.0473,12.303,0.75881,5.6453,92.488,0.23373,121.66,23.101,0,0.11432,0,1.202e-11,0,282.91,0,0,27.394,29.609,27.075,0,94.084,13.065,5.6773,0,0,45.952,1.6885,160.39,8.9098,114.7,2.2006,0,4.1526,48.21,4.1713,0.096107,1.1131,1.4749,2.0603,8.6796,133.53,60.905,149.57,130.61,138.37,158.23,141.2,0,36.155,10.897,0,847.79,0,0,0.14684,0.015708,4.3854,2.1938,9.8662,0,0,0,0,0,6.6619,0.055044,0.026592,0,0,20.374,10.365,13.709,0.10128,3346.5
6.5825,101.53,140.8,12.337,0,0,38.881,5.1897,0,100.7,63.548,0,0,0,9.6923,4.3119,3.7229,4.3816,13.594,16.369,11.725,6.9239,16.598,0,18.227,17.102,3.7654,26.302,52.826,47.824,21.902,6.3763,0,0,0,5.8106,0.78833,1.0408,1.2485,0.3042,1.4073,0.4034,0.45937,79.056,16.013,3.1468,0.19774,0.61952,0.99268,21.061,0.48765,5.1765,5.3783,5.9669,3.0133,1.943,2.6224,2.2677,2.1774,7.553,30.369,0.36205,1.0908,2.4329,18.285,1.4799,2.3338,3.1483,27.718,20.243,26.815,0,20.145,3.363,1.5274,91.999,2.7948,11.166,43.57,1.4635,1.959,1.3905,12.994,1.3641,11.42,11.758,3.4369,3.1322,1.7456,7.0475,0.2355,1.7521,52.979,20.657,60.949,18.151,0,10.104,0,3.1544,0,222.29,0,764.88,13.723,23.265,13.564,0,47.133,8.6365,3.7529,0,0,31.266,1.3267,109.13,5.5439,90.122,1.7291,0,1.1096,18.743,2.3894,0.055052,0.2688,0.35617,0.80101,2.3193,76.488,34.888,85.676,74.814,79.261,90.64,80.881,2.4772,27.642,7.2034,76.319,295.97,0,0,12.978,1.3883,2.9839,1.2566,5.6516,0,0,0,0,0.77779,4.5328,4.8648,2.3502,0,0,15.577,5.9372,5.33,8.9509,3614.1
2.9905,46.125,63.966,3.7859,0,0,17.333,0,0,19.256,24.906,0,0,0,9.908,1.9589,0,4.1231e-11,1.2738e-09,4.3472,4.5953,2.7136,6.5052,0,7.1436,3.2703,0.72002,10.308,14.03,18.743,8.5838,2.499,9.5414,7.4875,3.2866,32.115,4.3571,5.7522,1.5986,0.38951,2.4615,0.7056,0.8035,138.28,0,1.4296,0.2532,0.79326,1.7363,4.0235,0.85297,9.0544,9.4073,2.7108,1.3689,0.88271,1.1914,0,0.9892,3.4313,0,0.16448,0.42751,1.1053,7.1664,0.67231,1.0602,1.4303,12.593,9.1965,12.182,0,182.89,1.5278,0.6939,117.8,1.2697,5.0728,19.794,0.66487,0.88996,0.63169,9.2637,0.61971,5.1881,5.3416,1.5614,1.423,0.79302,3.2017,0,0,24.069,0,23.888,10.453,0,5.1792e-10,0,1.202e-11,0,128.02,0,47.779,5.3786,13.399,5.3159,0,18.473,2.6503,1.1517,0,0,13.939,0.76405,48.651,1.2163,51.902,0.99579,0,6.133,32.785,1.0855,0.025011,0.34419,0.45606,1.4011,12.819,34.749,15.85,38.923,33.989,36.008,41.178,36.744,0,19.707,2.2105,0,56.543,0,0,7.5919e-10,1.1569e-10,1.3302,0.5709,2.5675,0,0,0,0,0,2.0208,0,5.5853e-11,0,0,11.105,2.6973,9.3229,7.2884e-11,3828.7
0.80393,12.4,17.196,5.1384,0,0,13.249,0,0,10.778,25.838,0,0,0,1.7808,0.52662,0,4.1231e-11,1.2738e-09,3.0958,4.7672,2.8152,6.7486,0,7.4109,1.8305,0.40301,10.694,9.991,19.445,8.905,2.5926,2.7015,1.0167,0.69794,15.677,2.1269,2.808,0.99783,0.24313,0.48749,0.13974,0.15913,27.386,0,0.38432,0.15804,0.49514,0.34388,0.48029,0.16893,1.7932,1.8631,0.72874,0.36801,0.2373,0.32027,0,0.26593,0.92245,0,0.044217,0.44351,0.29713,7.4346,0.18074,0.28502,0.38451,3.3853,2.4723,3.275,0,81.188,0.41073,0.18654,73.529,0.34133,1.3637,5.3212,0.17874,0.23925,0.16982,6.3979,0.1666,1.3947,1.436,0.41976,0.38254,0.21319,0.86072,0,0,6.4704,0,24.781,7.4254,0,5.1792e-10,0,1.202e-11,0,90.937,0,0,5.5798,9.5175,5.5148,0,19.164,3.5971,1.5631,0,0,10.654,0.54273,37.186,2.0365,36.868,0.70735,0,2.9938,6.4929,0.29182,0.0067236,0.21484,0.28467,0.27748,6.2575,9.3415,4.2609,10.464,9.1371,9.6801,11.07,9.878,0,13.61,3.0002,0,6.7496,0,0,7.5919e-10,1.1569e-10,1.0167,0.15347,0.69023,0,0,0,0,0,1.5445,0,5.5853e-11,0,0,7.6698,0.72512,1.8464,7.2884e-11,2888.1
0.22775,3.5129,4.8716,3.2909,0,0,23.948,0,0,36.516,11.418,0,0,0,1.5666,0.14919,0.08203,0.096542,0.29952,6.8949,2.1067,1.2441,2.9823,0,3.2749,6.2017,1.3654,4.7258,22.252,8.5928,3.9352,1.1457,1.145,0,0.10883,11.936,1.6194,2.1379,1.0984,0.26762,0.70317,0.20157,0.22953,39.502,0,0.10888,0.17396,0.54503,0.49601,0.55748,0.24366,2.5865,2.6874,0.20645,0.10426,0.067226,0.090733,0,0.075337,0.26133,0,0.012527,0.19599,0.084178,3.2854,0.051202,0.080747,0.10893,0.95904,0.7004,0.92779,0,58.043,0.11636,0.052847,80.937,0.096698,0.38634,1.5075,0.050636,0.067779,0.048109,6.9387,0.047197,0.39512,0.40681,0.11892,0.10837,0.060396,0.24384,0,0,1.833,0.45515,10.951,4.3924,0,0.22263,0,1.202e-11,0,53.793,0,0,2.4658,5.63,2.437,0,8.4687,2.3038,1.0011,0,0,19.258,0.32105,67.218,2.0648,21.809,0.41842,0,2.2794,9.3655,0.082673,0.0019048,0.23648,0.31334,0.40024,4.7643,2.6464,1.2071,2.9644,2.5885,2.7424,3.1361,2.7984,0,14.761,1.9215,119.89,7.8345,0,0,0.28595,0.030589,1.8379,0.043479,0.19554,0,0,0,0,0,2.7919,0.10719,0.051784,0,0,8.3181,0.20542,2.6632,0.19722,3796.8
0.63109,9.734,13.499,2.9343,0,0,15.575,0,0,57.062,3.9746,0,0,0,1.7589,0.4134,0.62876,0.73999,2.2958,9.9275,0.73333,0.43305,1.0381,0,1.14,9.6911,2.1337,1.6451,32.039,2.9912,1.3698,0.39881,0,0,0,4.1698,0.56573,0.74687,0.12446,0.030325,0.24843,0.071213,0.081094,13.956,0,0.30169,0.019712,0.061757,0.17524,0.47102,0.086086,0.91382,0.94944,0.57207,0.28889,0.18628,0.25142,0,0.20876,0.72413,0,0.034711,0.068224,0.23325,1.1436,0.14188,0.22375,0.30184,2.6575,1.9408,2.5709,0,9.9935,0.32242,0.14644,9.171,0.26795,1.0705,4.1772,0.14031,0.18781,0.13331,4.6224,0.13078,1.0949,1.1273,0.32951,0.3003,0.16735,0.67567,0,0,5.0793,3.4887,3.8121,1.0584,0,1.7064,0,1.202e-11,0,12.962,0,0,0.85833,1.3566,0.84833,0,2.9479,2.0541,0.89261,0,0,12.525,0.07736,43.716,1.4708,5.2551,0.10082,0,0.7963,3.3088,0.22908,0.0052781,0.026796,0.035505,0.14141,1.6644,7.3332,3.3448,8.2141,7.1727,7.599,8.6899,7.7543,0,9.8333,1.7133,0,6.6194,0,0,2.1918,0.23446,1.1953,0.12048,0.54184,0,0,0,0,0,1.8158,0.8216,0.39692,0,0,5.5413,0.56922,0.94092,1.5117,3360
3.4296,52.898,73.358,16.394,0,0,83.879,15.775,0,180.31,52.629,0,0,0,4.2931,2.2465,9.6663,11.376,35.295,28.119,9.7103,5.7342,13.746,0,15.095,30.623,6.7421,21.783,90.749,39.607,18.138,5.2807,0.76678,0,0,11.027,1.4961,1.9751,0.69519,0.16939,0.33834,0.096987,0.11044,19.007,0,1.6395,0.11011,0.34497,0.23866,8.788,0.11724,1.2446,1.2931,3.1088,1.5699,1.0123,1.3663,6.893,1.1344,3.9352,0,0.18863,0.90337,1.2676,15.143,0.77102,1.2159,1.6403,14.442,10.547,13.971,0,52.42,1.7522,0.79579,51.228,1.4561,5.8177,22.7,0.76249,1.0206,0.72444,0.89304,0.7107,5.9498,6.1259,1.7907,1.6319,0.90946,3.6718,0,0,27.603,53.634,50.477,2.2096,0,26.234,0,1.202e-11,0,27.061,0,0,11.365,2.8322,11.233,0,39.035,11.477,4.9871,0,0,67.451,0.1615,235.43,7.1561,10.971,0.21049,0,2.1059,4.5063,1.2449,0.028683,0.14968,0.19833,0.19258,4.4016,39.851,18.177,44.638,38.979,41.295,47.224,42.139,0,1.8998,9.5722,0,123.5,0,0,33.696,3.6045,6.4372,0.65472,2.9445,0,0,0,0,2.3642,9.7787,12.631,6.1021,0,0,1.0706,3.0933,1.2815,23.24,3770
6.6513,102.59,142.27,10.946,0,0,24.829,87.211,0,224.72,47.955,0,0,0,8.3997,4.3569,49.775,58.581,181.75,34.675,8.8479,5.225,12.525,0,13.754,38.165,8.4027,19.848,111.9,36.089,16.528,4.8117,3.5936,1.8606,1.0356,17.821,2.4178,3.1919,2.6855,0.65434,0.65374,0.1874,0.2134,36.725,10.675,3.1796,0.42534,1.3326,0.46114,39.552,0.22653,2.4047,2.4984,6.0292,3.0447,1.9633,2.6498,38.107,2.2001,7.6318,0,0.36583,0.82314,2.4583,13.798,1.4953,2.3581,3.1812,28.008,20.454,27.095,0,94.452,3.3981,1.5433,197.89,2.824,11.283,44.025,1.4788,1.9794,1.405,0,1.3783,11.539,11.88,3.4728,3.1649,1.7638,7.1211,0.15699,1.168,53.532,276.18,45.994,0.69323,0,135.09,0,1.202e-11,0,8.4898,0,0,10.356,0.88854,10.235,0,35.568,7.6627,3.3298,0,0,19.966,0.050669,69.69,2.4891,3.442,0.066037,0,3.4032,8.7071,2.4144,0.055627,0.57819,0.76612,0.37211,7.1133,77.286,35.252,86.571,75.596,80.088,91.586,81.725,0,0,6.3912,94.071,555.83,0,0,173.51,18.561,1.9055,1.2698,5.7106,0,0,0,0,13.07,2.8946,65.041,31.422,0,0,0,5.9992,2.476,119.67,3430
19.07,294.14,407.91,33.24,0,0,80.362,120.6,0,364.9,217.25,0,0,0,35.108,12.492,68.524,80.647,250.2,55.366,40.084,23.671,56.744,0,62.312,61.973,13.644,89.918,178.68,163.5,74.875,21.799,42.432,38.603,15.734,111.16,15.081,19.91,22.039,5.3699,5.6087,1.6078,1.8308,315.08,117.43,9.1164,3.4906,10.936,3.9564,88.157,1.9435,20.631,21.435,17.287,8.7297,5.629,7.5973,52.698,6.3081,21.882,255.6,1.0489,3.7291,7.0484,62.511,4.2873,6.7611,9.1209,80.303,58.646,77.686,0,671.94,9.743,4.425,1624,8.0967,32.349,126.23,4.2398,5.6753,4.0283,0,3.9519,33.084,34.063,9.9571,9.0744,5.0571,20.417,1.727,12.849,153.48,380.21,208.37,5.2811,0,185.97,0,26.549,0,64.677,0,61.9,46.916,6.7691,46.369,0,161.13,23.27,10.112,0,0,64.624,0.386,225.56,19.375,26.222,0.50308,0,21.228,74.702,6.9224,0.15949,4.745,6.2873,3.1925,44.37,221.59,101.07,248.21,216.74,229.62,262.59,234.32,20.849,0,19.408,19.415,1238.9,0,0,238.87,25.552,6.1673,3.6406,16.373,0,0,0,0,18.075,9.3688,89.54,43.257,0,0,0,17.201,21.243,164.75,3690
46.068,710.56,985.4,44.629,0,0,118.9,264.86,0,417.44,277.07,0,0,0,106.17,30.177,149.52,175.97,545.94,63.121,51.121,30.188,72.368,0,79.469,70.896,15.609,114.68,203.71,208.51,95.491,27.801,121.04,112.97,45.486,300.08,40.713,53.749,76.356,18.605,16.844,4.8284,5.4984,946.25,217.95,22.023,12.094,37.889,11.882,175.85,5.8368,61.959,64.374,41.76,21.089,13.598,18.353,115.73,15.239,52.86,631.83,2.5338,4.7559,17.027,79.724,10.357,16.333,22.034,193.99,141.67,187.67,0,1840.8,23.536,10.69,5626.6,19.56,78.147,304.93,10.242,13.71,9.7313,0,9.5467,79.922,82.287,24.054,21.921,12.216,49.323,3.2053,23.847,370.78,829.61,265.74,12.73,0,405.79,0,65.627,0,155.9,0,0,59.834,16.316,59.137,0,205.5,31.242,13.576,0,0,95.612,0.93044,333.72,9.1643,63.206,1.2127,0,57.307,224.34,16.723,0.38529,16.44,21.783,9.5876,119.78,535.31,244.17,599.61,523.59,554.71,634.35,566.05,51.538,0,26.058,344.78,2471.3,0,0,521.21,55.755,9.1246,8.7947,39.553,0,0,0,0,39.695,13.861,195.38,94.387,0,0,0,41.552,63.796,359.48,4370
53.679,827.95,1148.2,30.946,0,0,95.476,113.26,0,377.67,341.03,0,0,0,80.879,35.163,64.398,75.791,235.14,57.251,62.922,37.157,89.074,0,97.814,64.142,14.122,141.15,184.76,256.65,117.53,34.219,65.363,60.297,24.413,166.27,22.558,29.781,24.105,5.8735,11.859,3.3994,3.871,666.19,231.29,25.661,3.8179,11.962,8.3651,244.57,4.1093,43.621,45.322,48.659,24.573,15.845,21.385,49.487,17.756,61.593,502.77,2.9524,5.8538,19.84,98.127,12.068,19.031,25.674,226.04,165.08,218.67,0,1012.9,27.425,12.456,1776.3,22.791,91.058,355.31,11.934,15.975,11.339,25.791,11.124,93.126,95.882,28.028,25.543,14.235,57.471,3.4015,25.306,432.04,357.32,327.08,14.507,0,174.78,0,52.222,0,177.67,0,0,73.647,18.595,72.789,0,252.94,21.664,9.4138,0,0,76.777,1.0604,267.98,19.121,72.032,1.382,0,31.752,157.95,19.485,0.44894,5.19,6.8769,6.75,66.367,623.75,284.51,698.68,610.1,646.36,739.15,659.57,41.011,54.866,18.069,504.86,3437,0,0,224.49,24.014,7.3272,10.248,46.088,0,0,0,0,16.974,11.131,84.15,40.653,0,0,30.918,48.417,44.915,154.83,4083.5
18.737,289.01,400.79,28.312,0,0,69.232,23.335,0,348.22,165.08,0,0,0,46.738,12.274,13.911,16.372,50.792,52.904,30.458,17.986,43.117,0,47.348,59.14,13.021,68.325,170.73,124.23,56.894,16.564,16.819,14.372,6.0409,49.605,6.73,8.8849,6.8579,1.671,5.9359,1.7015,1.9376,333.46,116.54,8.9573,1.0862,3.403,4.1872,244.26,2.0569,21.834,22.686,16.985,8.5773,5.5308,7.4646,10.196,6.198,21.5,82.67,1.0306,2.8336,6.9254,47.5,4.2124,6.6431,8.9617,78.901,57.622,76.33,0,291.1,9.5729,4.3478,505.35,7.9554,31.785,124.02,4.1658,5.5762,3.958,40.533,3.8829,32.507,33.469,9.7833,8.916,4.9688,20.061,1.7139,12.751,150.81,77.184,158.33,20.378,0,37.753,0,8.5868,0,249.56,0,91.507,35.65,26.119,35.234,0,122.44,19.82,8.6125,0,0,55.673,1.4894,194.32,12.926,101.18,1.9412,0,9.473,79.059,6.8015,0.15671,1.4765,1.9564,3.3787,19.8,217.72,99.31,243.88,212.96,225.62,258.01,230.23,6.7434,86.225,16.531,398.94,3432.7,0,0,48.492,5.1872,5.3131,3.5771,16.087,0,0,0,0,3.4972,8.0712,18.177,8.7814,0,0,48.59,16.9,22.482,33.445,4140
18.082,278.9,386.78,17.329,0,0,47.941,3.0898,0,79.416,120.07,0,0,0,24.482,11.845,2.5439,2.9939,9.2886,13.227,22.153,13.082,31.361,0,34.439,13.488,2.9695,49.696,42.687,90.361,41.382,12.048,3.8689,2.1211,1.1398,18.482,2.5076,3.3105,4.4145,1.0756,3.2132,0.92109,1.0489,180.51,18.681,8.6442,0.69919,2.1906,2.2666,121.49,1.1135,11.82,12.28,16.391,8.2775,5.3374,7.2037,1.3501,5.9814,20.748,4.2179,0.99455,2.061,6.6833,34.549,4.0652,6.4109,8.6485,76.143,55.608,73.662,0,98.546,9.2383,4.1958,325.3,7.6773,30.674,119.69,4.0202,5.3813,3.8196,16.996,3.7472,31.37,32.299,9.4414,8.6043,4.7951,19.36,0.27474,2.044,145.53,14.115,115.16,19.398,0,6.9041,0,0.43811,0,237.56,0,797.94,25.93,24.863,25.627,0,89.055,12.131,5.2715,0,0,38.552,1.4178,134.56,9.3058,96.313,1.8478,0,3.5296,42.797,6.5638,0.15123,0.95046,1.2594,1.829,7.3774,210.11,95.838,235.35,205.52,217.73,248.99,222.18,0.34405,36.155,10.118,383.33,1707.4,0,0,8.868,0.94861,3.6792,3.452,15.525,0,0,0,0,0.46307,5.589,3.3241,1.6059,0,0,20.374,16.31,12.17,6.1162,4380
3.9649,61.154,84.808,8.0023,0,0,41.385,0,0,52.582,42.214,0,0,0,6.4047,2.5972,0.7804,0.91846,2.8495,9.2663,7.7887,4.5995,11.026,0,12.108,8.9303,1.9661,17.472,29.905,31.769,14.549,4.2357,0,0,0,8.7265,1.1839,1.563,2.6738,0.65149,1.2413,0.35583,0.4052,69.734,0,1.8954,0.42349,1.3268,0.87563,32.858,0.43015,4.5661,4.7441,3.594,1.815,1.1703,1.5795,0,1.3115,4.5494,5.0614,0.21807,0.7246,1.4654,12.147,0.89136,1.4057,1.8963,16.696,12.193,16.152,0,38.186,2.0256,0.92,197.03,1.6834,6.7257,26.243,0.8815,1.1799,0.83752,12.994,0.82163,6.8785,7.082,2.0702,1.8866,1.0514,4.2449,0,0,31.911,4.3301,40.488,10.822,0,2.118,0,0.52572,0,132.53,0,270.07,9.1163,13.871,9.0101,0,31.31,5.602,2.4343,0,0,33.28,0.79096,116.16,2.2062,53.731,1.0309,0,1.6665,16.533,1.4392,0.03316,0.57568,0.76279,0.70656,3.4833,46.071,21.014,51.605,45.063,47.741,54.595,48.717,0.41286,27.642,4.6724,2003.5,461.77,0,0,2.7204,0.29101,3.1761,0.75691,3.4041,0,0,0,0,0,4.8248,1.0197,0.49265,0,0,15.577,3.5762,4.7015,1.8763,5061
1.5878,24.49,33.962,7.6094,0,0,27.935,1.5837,0,36.516,37.874,0,0,0,3.2956,1.0401,1.6983,1.9987,6.2009,6.8949,6.9879,4.1266,9.8923,0,10.863,6.2017,1.3654,15.676,22.252,28.503,13.053,3.8002,0.31706,0,0,9.9463,1.3494,1.7815,2.0019,0.48779,1.4048,0.4027,0.45857,78.918,0,0.75902,0.31707,0.9934,0.99095,4.6715,0.4868,5.1674,5.3689,1.4393,0.72682,0.46866,0.63254,0.69199,0.52521,1.8218,0,0.087329,0.6501,0.58684,10.898,0.35695,0.56292,0.7594,6.6859,4.8828,6.468,0,45.733,0.81119,0.36842,147.52,0.67412,2.6934,10.509,0.353,0.47251,0.33539,9.2637,0.32903,2.7545,2.8361,0.82902,0.75552,0.42104,1.6999,0,0,12.779,9.4229,36.325,14.482,0,4.609,0,1.202e-11,0,177.36,0,270.07,8.1791,18.562,8.0837,0,28.091,5.3269,2.3148,0,0,22.464,1.0585,78.408,2.0082,71.906,1.3796,0,1.8995,18.711,0.57635,0.013279,0.43102,0.57112,0.79961,3.9702,18.449,8.4153,20.666,18.046,19.118,21.863,19.509,0,19.707,4.443,1892.4,65.65,0,0,5.9201,0.63328,2.1438,0.30311,1.3632,0,0,0,0,0.23735,3.2567,2.2191,1.0721,0,0,11.105,1.4321,5.3207,4.0831,5060
1.1941,18.417,25.541,4.2709,0,0,16.495,0,0,31.505,15.059,0,0,0,3.6468,0.78218,0.29442,0.3465,1.075,6.1552,2.7785,1.6408,3.9333,0,4.3192,5.3507,1.178,6.2328,19.864,11.333,5.19,1.511,2.1216,0.46803,0.47846,14.283,1.9378,2.5583,0.965,0.23513,0.81414,0.23338,0.26576,45.736,0,0.57082,0.15284,0.47885,0.57429,0.67112,0.28212,2.9947,3.1115,1.0824,0.5466,0.35246,0.4757,0,0.39498,1.3701,1.6871,0.065675,0.25849,0.44133,4.333,0.26845,0.42334,0.5711,5.0281,3.6721,4.8642,0,72.565,0.61005,0.27707,71.11,0.50697,2.0255,7.9035,0.26548,0.35535,0.25223,6.3979,0.24744,2.0715,2.1328,0.62346,0.56818,0.31664,1.2784,0,0,9.6104,1.6336,14.443,9.3608,0,0.79904,0,0.17524,0,114.64,0,0,3.2521,11.998,3.2142,0,11.169,2.9898,1.2992,0,0,13.264,0.68419,46.297,0.98998,46.478,0.89172,0,2.7277,10.843,0.43344,0.0099864,0.20777,0.2753,0.46341,5.7012,13.875,6.3287,15.542,13.571,14.378,16.442,14.672,0.13762,13.61,2.4937,1892.4,9.4315,0,0,1.0263,0.10979,1.2659,0.22795,1.0252,0,0,0,0,0,1.923,0.38472,0.18586,0,0,7.6698,1.077,3.0835,0.70786,4870
0.80702,12.447,17.262,3.0109,0,0,40.652,0,0,29.611,7.4367,0,0,0,8.015,0.52864,0,4.1231e-11,1.2738e-09,5.8757,1.3721,0.81027,1.9424,0,2.133,5.029,1.1072,3.078,18.962,5.5966,2.563,0.74619,4.0138,2.2581,1.1946,18.831,2.5548,3.3728,2.6326,0.64144,1.268,0.36347,0.4139,71.231,0,0.38579,0.41696,1.3063,0.89442,0.12357,0.43938,4.6641,4.8459,0.73153,0.36942,0.23821,0.3215,0,0.26695,0.92599,0,0.044387,0.12765,0.29828,2.1398,0.18143,0.28612,0.38598,3.3983,2.4818,3.2875,0,100.7,0.4123,0.18726,193.99,0.34264,1.369,5.3416,0.17942,0.24017,0.17047,6.9387,0.16724,1.4001,1.4415,0.42137,0.38401,0.21401,0.86402,0,0,6.4952,0,7.1326,5.8667,0,5.1792e-10,0,1.202e-11,0,71.848,0,0,1.606,7.5196,1.5873,0,5.5158,2.1078,0.91592,0,0,32.69,0.4288,114.1,1.8102,29.129,0.55886,0,3.5961,16.888,0.29294,0.0067494,0.5668,0.75103,0.72173,7.5164,9.3774,4.2773,10.504,9.1722,9.7173,11.112,9.9159,0,14.761,1.758,635.3,1.7366,0,0,7.5919e-10,1.1569e-10,3.1197,0.15406,0.69288,0,0,0,0,0,4.7392,0,5.5853e-11,0,0,8.3181,0.7279,4.8024,7.2884e-11,4270
0.82254,12.687,17.594,4.3271,0,0,18.33,0,0,43.49,2.6395,0,0,0,3.59,0.53881,0,4.1231e-11,1.2738e-09,7.9243,0.487,0.28759,0.68941,0,0.75706,7.3861,1.6262,1.0925,25.574,1.9864,0.9097,0.26484,1.2644,0,0.15404,12.223,1.6583,2.1893,1.0079,0.24557,0.66324,0.19012,0.2165,37.259,0,0.39321,0.15963,0.50012,0.46785,0.3619,0.22983,2.4397,2.5348,0.7456,0.37653,0.24279,0.32769,0,0.27208,0.9438,0,0.045241,0.045307,0.30401,0.75948,0.18492,0.29162,0.39341,3.4636,2.5295,3.3508,0,59.819,0.42023,0.19086,74.268,0.34923,1.3953,5.4444,0.18287,0.24479,0.17375,4.6224,0.17045,1.427,1.4692,0.42947,0.3914,0.21812,0.88064,0,0,6.6201,0,2.5316,1.2932,0,5.1792e-10,0,1.202e-11,0,15.837,0,0,0.57001,1.6575,0.56337,0,1.9577,3.0292,1.3163,0,0,14.74,0.094518,51.447,1.8102,6.4207,0.12319,0,2.3342,8.8337,0.29858,0.0068792,0.217,0.28753,0.37752,4.8789,9.5577,4.3595,10.706,9.3486,9.9042,11.326,10.107,0,9.8333,2.5265,574.84,5.0859,0,0,7.5919e-10,1.1569e-10,1.4067,0.15703,0.70621,0,0,0,0,0,2.1369,0,5.5853e-11,0,0,5.5413,0.7419,2.512,7.2884e-11,4464.1
1.7892,27.596,38.27,14.576,0,0,53.014,10.073,0,178.85,13.965,0,0,0,2.3462,1.172,6.4649,7.6086,23.606,27.904,2.5766,1.5216,3.6475,0,4.0054,30.375,6.6876,5.78,90.053,10.51,4.813,1.4012,0,0,0,7.9436,1.0777,1.4228,1.6156,0.39365,0.34817,0.099804,0.11365,19.559,0,0.8553,0.25588,0.80168,0.2456,0.71727,0.12065,1.2807,1.3306,1.6218,0.81902,0.52811,0.71277,4.4016,0.59183,2.0529,3.3743,0.098406,0.23971,0.66128,4.0183,0.40223,0.63433,0.85572,7.534,5.5022,7.2885,0,33.342,0.91408,0.41515,119.05,0.75963,3.035,11.842,0.39778,0.53245,0.37793,0.89304,0.37076,3.1039,3.1958,0.93418,0.85135,0.47445,1.9155,0,0,14.4,35.871,13.394,1.7146,0,17.546,0,0.35048,0,20.998,0,0,3.0158,2.1976,2.9807,0,10.358,10.204,4.434,0,0,42.632,0.12532,148.8,2.5174,8.5131,0.16333,0,1.517,4.6372,0.64945,0.014963,0.34784,0.4609,0.19818,3.1707,20.79,9.4827,23.287,20.335,21.543,24.636,21.984,0.27524,1.8998,8.5107,266.52,10.08,0,0,22.536,2.4108,4.0685,0.34156,1.5361,0,0,0,0,1.5097,6.1805,8.4477,4.0811,0,0,1.0706,1.6138,1.3187,15.543,4856.1
14.347,221.29,306.89,27.073,0,0,94.542,49.083,0,164,120.95,0,0,0,24.409,9.3983,28.368,33.386,103.58,25.712,22.316,13.178,31.591,0,34.691,27.853,6.1323,50.06,82.979,91.023,41.685,12.136,7.7894,5.8301,2.6235,27.904,3.7859,4.9981,9.1706,2.2345,2.1728,0.62284,0.70925,122.06,0,6.8587,1.4525,4.5506,1.5327,31.618,0.75291,7.9923,8.3039,13.005,6.5677,4.235,5.7158,21.447,4.7459,16.463,10.966,0.78913,2.0761,5.3028,34.802,3.2255,5.0867,6.8621,60.416,44.122,58.447,0,156.84,7.3301,3.3291,675.77,6.0916,24.338,94.966,3.1898,4.2698,3.0307,0,2.9732,24.891,25.627,7.4912,6.8271,3.8047,15.361,0,0,115.47,157.4,116,2.3222,0,76.989,0,1.139,0,28.439,0,0,26.12,2.9764,25.815,0,89.708,18.952,8.2356,0,0,76.026,0.16973,265.36,5.9964,11.53,0.22121,0,5.3289,28.939,5.208,0.11999,1.9745,2.6162,1.2367,11.138,166.71,76.043,186.74,163.07,172.76,197.56,176.29,0.8945,0,15.807,176.08,444.34,0,0,98.889,10.578,7.2555,2.739,12.318,0,0,0,0,7.3562,11.022,37.068,17.908,0,0,0,12.941,8.2293,68.203,4139.5
22.668,349.63,484.86,32.176,0,0,85.582,128.96,0,389.48,185.56,0,0,0,47.385,14.849,73.217,86.17,267.34,58.994,34.237,20.218,48.467,0,53.222,66.147,14.563,76.802,190.39,139.65,63.953,18.619,44.732,40.779,16.605,116.69,15.831,20.9,31.971,7.79,7.319,2.098,2.3891,411.16,158.35,10.836,5.0637,15.865,5.1628,102.51,2.5362,26.922,27.972,20.548,10.376,6.6909,9.0304,56.35,7.4981,26.009,312.12,1.2468,3.1851,8.378,53.393,5.0961,8.0366,10.842,95.452,69.709,92.341,0,706.14,11.581,5.2597,2355.9,9.6241,38.452,150.04,5.0397,6.7459,4.7882,0,4.6974,39.325,40.489,11.836,10.786,6.011,24.269,2.3288,17.326,182.44,406.25,177.97,5.0115,0,198.71,0,32.419,0,61.375,0,0,40.072,6.4235,39.606,0,137.63,22.525,9.7879,0,0,68.821,0.3663,240.21,6.3358,24.883,0.4774,0,22.284,97.481,8.2282,0.18958,6.8834,9.1208,4.166,46.577,263.39,120.14,295.04,257.63,272.94,312.13,278.52,25.46,0,18.787,241.67,1440.6,0,0,255.23,27.302,6.5679,4.3274,19.462,0,0,0,0,19.328,9.9773,95.673,46.22,0,0,0,20.445,27.721,176.03,4600
53.011,817.64,1133.9,23.327,0,0,78.439,245.51,0,424.43,189.35,0,0,0,110.02,34.725,138.65,163.18,506.27,64.153,34.936,20.631,49.456,0,54.309,72.083,15.87,78.37,207.04,142.5,65.259,18.999,127.67,119.25,47.995,316.02,42.875,56.603,99.022,24.127,19.223,5.5104,6.2749,1079.9,321.14,25.342,15.683,49.136,13.56,186.5,6.6613,70.71,73.467,48.053,24.267,15.647,21.119,107.28,17.535,60.826,855.38,2.9157,3.2502,19.593,54.483,11.918,18.794,25.354,223.22,163.02,215.95,0,1939.4,27.083,12.301,7296.8,22.507,89.924,350.88,11.786,15.776,11.198,0,10.985,91.967,94.688,27.679,25.225,14.058,56.755,4.7229,35.137,426.65,769.33,181.61,9.8352,0,376.3,0,88.847,0,120.45,0,21.975,40.891,12.606,40.414,0,140.44,16.33,7.0961,0,0,63.076,0.71887,220.16,15.444,48.833,0.93691,0,60.35,256.03,19.243,0.44335,21.32,28.249,10.942,126.14,615.98,280.96,689.98,602.5,638.31,729.95,651.35,69.773,0,13.62,55.2,2621,0,0,483.34,51.704,6.0197,10.12,45.514,0,0,0,0,36.795,9.1445,181.18,87.529,0,0,0,47.814,72.807,333.36,4475
56.667,874.03,1212.1,42.898,0,0,116.13,107.46,0,313.08,523.76,0,0,0,87.59,37.12,61.145,71.963,223.26,47.717,96.636,57.067,136.8,0,150.23,53.172,11.707,216.78,153.99,394.17,180.51,52.553,64.489,59.471,24.082,164.17,22.273,29.405,38.212,9.3107,13.586,3.8945,4.4348,763.22,348.72,27.089,6.0522,18.962,9.5835,303.22,4.7078,49.975,51.923,51.367,25.94,16.727,22.575,46.956,18.745,65.021,723.78,3.1167,8.9903,20.944,150.71,12.74,20.091,27.103,238.62,174.27,230.84,0,999.91,28.951,13.149,2815.8,24.059,96.126,375.08,12.599,16.864,11.97,25.791,11.743,98.309,101.22,29.588,26.964,15.027,60.67,5.1285,38.155,456.08,339.27,502.34,29.551,0,165.95,0,75.178,0,361.9,0,0,113.11,37.876,111.79,0,388.47,30.031,13.05,0,0,93.383,2.1599,325.94,24.636,146.72,2.815,0,31.351,180.95,20.57,0.47393,8.2272,10.901,7.7331,65.529,658.46,300.34,737.56,644.05,682.33,780.29,696.27,59.039,54.866,25.047,473.21,4261.3,0,0,213.15,22.801,8.9119,10.818,48.653,0,0,0,0,16.106,13.538,79.899,38.6,0,0,30.918,51.112,51.457,147.01,5060
40.014,617.17,855.89,32.066,0,0,95.715,16.46,0,222.88,253.15,0,0,0,53.99,26.211,10.051,11.829,36.698,34.403,46.707,27.582,66.12,0,72.609,37.853,8.3339,104.78,111.03,190.51,87.247,25.401,34.412,31.016,12.699,91.885,12.466,16.458,10.572,2.5761,4.4013,1.2616,1.4367,247.25,130.77,19.128,1.6745,5.2462,3.1046,273.82,1.5251,16.19,16.821,36.271,18.317,11.811,15.941,7.1921,13.236,45.913,299.47,2.2008,4.3453,14.789,72.841,8.9957,14.186,19.138,168.49,123.05,163,0,552.69,20.443,9.2847,779.07,16.989,67.876,264.85,8.8962,11.908,8.4523,40.533,8.292,69.418,71.472,20.892,19.04,10.611,42.84,1.9232,14.308,322.05,55.767,242.8,21.976,0,27.277,0,31.105,0,269.14,0,0,54.669,28.168,54.032,0,187.76,22.448,9.7545,0,0,76.969,1.6063,268.65,14.906,109.12,2.0935,0,17.547,58.62,14.525,0.33465,2.2763,3.0161,2.5052,36.677,464.95,212.08,520.81,454.78,481.81,550.98,491.65,24.428,86.225,18.723,979.71,3848.1,0,0,35.036,3.7479,7.3455,7.6388,34.355,0,0,0,0,2.4669,11.159,13.133,6.3448,0,0,48.59,36.091,16.67,24.165,5250
8.756,135.05,187.29,12.685,0,0,51.657,2.5139,0,33.894,82.169,0,0,0,19.169,5.7356,2.2206,2.6134,8.1081,6.5078,15.161,8.9528,21.462,0,23.568,5.7564,1.2674,34.009,21.003,61.838,28.319,8.2447,5.073,3.2602,1.5955,21.376,2.9002,3.8288,3.8354,0.93454,1.6485,0.47254,0.5381,92.606,16.902,4.1858,0.60747,1.9032,1.1628,126.44,0.57123,6.0637,6.3001,7.937,4.0082,2.5845,3.4882,1.0985,2.8964,10.047,21.933,0.48159,1.4104,3.2362,23.643,1.9685,3.1043,4.1878,36.871,26.927,35.669,0,116.45,4.4734,2.0317,282.63,3.7176,14.853,57.956,1.9467,2.6058,1.8496,16.996,1.8145,15.19,15.64,4.5718,4.1665,2.3219,9.3745,0.24857,1.8493,70.472,12.321,78.809,20.912,0,6.0266,0,2.2781,0,256.1,0,843.62,17.745,26.803,17.538,0,60.944,8.8801,3.8588,0,0,41.54,1.5285,144.99,14.906,103.83,1.9921,0,4.0822,21.956,3.1784,0.07323,0.82579,1.0942,0.9383,8.5325,101.74,46.408,113.97,99.517,105.43,120.57,107.59,1.7891,36.155,7.4066,1437.2,1776.9,0,0,7.7408,0.82805,3.9643,1.6716,7.5177,0,0,0,0,0.37677,6.0223,2.9016,1.4018,0,0,20.374,7.8976,6.2435,5.3388,4524
3.6574,56.411,78.231,7.1659,0,0,31.751,0,0,17.941,60.65,0,0,0,7.682,2.3958,0,4.1231e-11,1.2738e-09,4.1531,11.19,6.6082,15.841,0,17.396,3.047,0.67085,25.103,13.403,45.643,20.903,6.0855,0,0,0,6.7521,0.91607,1.2094,0.69051,0.16825,0.89547,0.25669,0.29231,50.305,0,1.7484,0.10937,0.34264,0.63166,34.197,0.3103,3.2939,3.4223,3.3153,1.6742,1.0796,1.457,0,1.2098,4.1966,0,0.20116,1.0411,1.3518,17.451,0.82224,1.2967,1.7493,15.401,11.247,14.899,0,25.97,1.8686,0.84865,50.883,1.5528,6.2041,24.208,0.81314,1.0884,0.77257,12.994,0.75791,6.345,6.5328,1.9096,1.7403,0.96987,3.9157,0,0,29.436,0,58.17,14.976,0,5.1792e-10,0,1.202e-11,0,183.41,0,847.84,13.098,19.196,12.945,0,44.984,5.0165,2.1799,0,0,25.533,1.0946,89.119,6.1944,74.359,1.4266,0,1.2894,11.927,1.3276,0.030588,0.14867,0.19699,0.5097,2.6951,42.498,19.384,47.603,41.568,44.039,50.361,44.939,0,27.642,4.1841,729.22,480.58,0,0,7.5919e-10,1.1569e-10,2.4367,0.69821,3.1401,0,0,0,0,0,3.7016,0,5.5853e-11,0,0,15.577,3.2988,3.3916,7.2884e-11,4160
3.4296,52.898,73.358,7.4997,0,0,22.812,0,0,39.378,24.117,0,0,0,12.751,2.2465,0.34764,0.40914,1.2693,7.3173,4.4497,2.6277,6.2991,0,6.9172,6.6878,1.4724,9.9818,23.615,18.15,8.3118,2.4199,6.6091,4.7134,2.1768,25.068,3.401,4.49,1.9202,0.46788,1.5985,0.45821,0.52178,89.797,0,1.6395,0.30414,0.95286,1.1276,1.2709,0.5539,5.8798,6.109,3.1088,1.5699,1.0123,1.3663,0,1.1344,3.9352,0,0.18863,0.41397,1.2676,6.9394,0.77102,1.2159,1.6403,14.442,10.547,13.971,0,139.29,1.7522,0.79579,141.5,1.4561,5.8177,22.7,0.76249,1.0206,0.72444,9.2637,0.7107,5.9498,6.1259,1.7907,1.6319,0.90946,3.6718,0,0,27.603,1.9289,23.131,15.941,0,0.94348,0,1.202e-11,0,195.22,0,543.5,5.2082,20.432,5.1475,0,17.887,5.2501,2.2814,0,0,18.344,1.1651,64.028,1.2163,79.147,1.5185,0,4.7872,21.29,1.2449,0.028683,0.41343,0.54781,0.90984,10.006,39.851,18.177,44.638,38.979,41.295,47.224,42.139,0,19.707,4.379,1674.1,17.86,0,0,1.2119,0.12963,1.7507,0.65472,2.9445,0,0,0,0,0,2.6594,0.45426,0.21946,0,0,11.105,3.0933,6.0541,0.83582,4421
1.3444,20.736,28.757,3.7965,0,0,13.329,2.1824,0,10.778,24.291,0,0,0,3.3554,0.88066,2.0344,2.3943,7.4283,3.0958,4.4818,2.6466,6.3446,0,6.9672,1.8305,0.40301,10.054,9.991,18.281,8.3718,2.4373,1.0373,0,0.068105,11.677,1.5843,2.0916,0.89526,0.21814,0.90695,0.25998,0.29605,50.95,0,0.64269,0.1418,0.44425,0.63976,0.23688,0.31428,3.3361,3.4662,1.2187,0.61543,0.39684,0.53559,0.95358,0.44471,1.5426,0,0.073945,0.41695,0.4969,6.9894,0.30225,0.47665,0.64301,5.6612,4.1344,5.4767,0,56.443,0.68686,0.31196,65.971,0.57081,2.2806,8.8987,0.2989,0.4001,0.28399,6.3979,0.2786,2.3324,2.4014,0.70196,0.63973,0.35651,1.4394,0,0,10.82,11.288,23.298,9.6638,0,5.5213,0,1.202e-11,0,118.35,0,0,5.2457,12.387,5.1846,0,18.016,2.6577,1.1549,0,0,10.718,0.70633,37.411,1.7254,47.982,0.92058,0,2.23,12.08,0.48801,0.011244,0.19275,0.2554,0.51624,4.6611,15.622,7.1255,17.499,15.28,16.188,18.512,16.519,0,13.61,2.2167,2003.5,3.3289,0,0,7.0918,0.75862,1.0229,0.25666,1.1543,0,0,0,0,0.32707,1.5539,2.6584,1.2843,0,0,7.6698,1.2126,3.4351,4.8912,3509.6
1.0672,16.46,22.827,3.7308,0,0,39.768,0.57122,0,19.256,18.315,0,0,0,7.7542,0.69906,1.1298,1.3297,4.1253,4.3472,3.3792,1.9955,4.7837,0,5.2531,3.2703,0.72002,7.5804,14.03,13.783,6.3122,1.8377,6.6259,4.7293,2.1832,25.108,3.4065,4.4973,2.1447,0.52257,1.0707,0.30691,0.34949,60.147,3.5583,0.51016,0.33969,1.0642,0.75525,1.1204,0.37101,3.9383,4.0919,0.96737,0.48852,0.315,0.42515,0.2496,0.35301,1.2245,0,0.058696,0.31438,0.39443,5.2699,0.23992,0.37836,0.51042,4.4938,3.2819,4.3474,0,139.54,0.54522,0.24763,158.04,0.4531,1.8103,7.0637,0.23727,0.31759,0.22543,6.9387,0.22115,1.8514,1.9062,0.55721,0.50781,0.283,1.1426,0.052331,0.38933,8.5892,6.2688,17.566,5.4044,0,3.0663,0,1.202e-11,0,66.186,0,589.3,3.9552,6.927,3.9091,0,13.584,2.6117,1.1349,0,0,31.979,0.39501,111.62,3.3659,26.833,0.51482,0,4.7949,14.26,0.38738,0.0089253,0.46176,0.61185,0.60942,10.022,12.4,5.6562,13.89,12.129,12.85,14.695,13.113,0,14.761,2.1784,574.84,15.745,0,0,3.9385,0.4213,3.0519,0.20373,0.91626,0,0,0,0,0.08561,4.6362,1.4763,0.71322,0,0,8.3181,0.96256,4.0551,2.7163,4650
0.73932,11.403,15.814,3.2909,0,0,24.282,0,0,16.258,11.156,0,0,0,2.6318,0.48429,0,4.1231e-11,1.2738e-09,3.9047,2.0583,1.2155,2.9138,0,3.1998,2.7612,0.60792,4.6174,12.601,8.3957,3.8449,1.1194,0,0,0,4.9764,0.67516,0.89134,0.20367,0.049625,0.74598,0.21384,0.24351,41.907,0.88958,0.35343,0.032258,0.10106,0.52621,0.47611,0.2585,2.744,2.851,0.67017,0.33844,0.21823,0.29453,0,0.24456,0.84831,0,0.040664,0.19149,0.27325,3.21,0.16621,0.26212,0.3536,3.1132,2.2736,3.0118,0,14.984,0.37772,0.17155,15.008,0.3139,1.2541,4.8936,0.16437,0.22002,0.15617,4.6224,0.15321,1.2826,1.3206,0.38602,0.3518,0.19605,0.79154,0.013083,0.097333,5.9504,0,10.7,1.8008,0,5.1792e-10,0,1.202e-11,0,22.054,0,61.9,2.4092,2.3082,2.3811,0,8.2743,2.3038,1.0011,0,0,19.526,0.13162,68.153,3.1679,8.9412,0.17155,0,0.95034,9.9357,0.26837,0.0061832,0.04385,0.058103,0.42461,1.9864,8.5908,3.9185,9.6228,8.4028,8.9022,10.18,9.0841,0,9.8333,1.9215,285.93,6.6909,0,0,7.5919e-10,1.1569e-10,1.8635,0.14114,0.63476,0,0,0,0,0,2.8308,0,5.5853e-11,0,0,5.5413,0.66684,2.8254,7.2884e-11,3660
1.3444,20.736,28.757,6.6021,0,0,28.076,21.695,0,34.868,14.112,0,0,0,4.0221,0.88066,12.99,15.288,47.431,6.6516,2.6037,1.5376,3.6859,0,4.0476,5.9218,1.3038,5.8408,21.466,10.62,4.8637,1.416,0.18107,0,0,9.6195,1.3051,1.723,1.1445,0.27888,0.63433,0.18184,0.20706,35.635,0,0.64269,0.18128,0.56794,0.44746,10.943,0.21981,2.3333,2.4243,1.2187,0.61543,0.39684,0.53559,9.4796,0.44471,1.5426,0,0.073945,0.24223,0.4969,4.0606,0.30225,0.47665,0.64301,5.6612,4.1344,5.4767,0,43.711,0.68686,0.31196,84.34,0.57081,2.2806,8.8987,0.2989,0.4001,0.28399,0.89304,0.2786,2.3324,2.4014,0.70196,0.63973,0.35651,1.4394,0,0,10.82,72.076,13.535,0.54164,0,35.255,0,1.202e-11,0,6.6333,0,0,3.0475,0.69424,3.012,0,10.467,4.6218,2.0084,0,0,22.578,0.039589,78.804,3.4225,2.6893,0.051597,0,1.837,8.4486,0.48801,0.011244,0.24642,0.32652,0.36106,3.8397,15.622,7.1255,17.499,15.28,16.188,18.512,16.519,0,1.8998,3.8549,289.38,153.79,0,0,45.283,4.844,2.1547,0.25666,1.1543,0,0,0,0,3.2514,3.2732,16.974,8.2003,0,0,1.0706,1.2126,2.4025,31.231,4188.4
11.828,182.43,252.99,32.003,0,0,108.87,73.029,0,317.04,116.31,0,0,0,14.861,7.7477,41.812,49.21,152.67,48.301,21.46,12.673,30.379,0,33.36,53.845,11.855,48.14,155.88,87.531,40.086,11.67,9.0215,6.9957,3.0898,30.866,4.1876,5.5285,3.8162,0.92984,1.2096,0.34675,0.39486,67.954,0,5.6541,0.60442,1.8937,0.85328,42.291,0.41917,4.4495,4.623,10.721,5.4142,3.4912,4.7119,31.91,3.9124,13.571,15.184,0.65053,1.9965,4.3715,33.467,2.659,4.1933,5.6569,49.805,36.373,48.182,0,175.16,6.0427,2.7444,281.21,5.0217,20.063,78.287,2.6296,3.5199,2.4984,0,2.451,20.519,21.126,6.1755,5.628,3.1364,12.663,0,0,95.193,232,111.55,2.8542,0,113.48,0,1.5771,0,34.955,0,0,25.118,3.6584,24.825,0,86.266,22.404,9.7353,0,0,87.549,0.20862,305.58,7.0713,14.172,0.27189,0,5.8944,16.111,4.2933,0.098918,0.82164,1.0887,0.68852,12.32,137.43,62.687,153.94,134.43,142.42,162.86,145.33,1.2386,0,18.686,85.287,594.33,0,0,145.76,15.592,8.3552,2.2579,10.155,0,0,0,0,10.945,12.692,54.637,26.395,0,0,0,10.668,4.5815,100.53,3928.4
19.981,308.19,427.39,32.95,0,0,90.26,279.86,0,405.48,183.83,0,0,0,50.544,13.089,157.94,185.88,576.7,61.355,33.917,20.029,48.015,0,52.726,68.865,15.162,76.086,198.01,138.34,63.356,18.445,66.869,61.722,24.983,169.89,23.049,30.43,31.971,7.79,11.859,3.3994,3.871,666.19,44.479,9.5518,5.0637,15.865,8.3651,104.87,4.1093,43.621,45.322,18.112,9.1466,5.8978,7.9601,122.29,6.6094,22.927,187.27,1.099,3.1554,7.385,52.895,4.492,7.084,9.5565,84.138,61.447,81.396,0,1035.3,10.208,4.6363,2355.9,8.4834,33.894,132.25,4.4423,5.9463,4.2207,0,4.1406,34.664,35.69,10.433,9.5077,5.2986,21.392,0.65414,4.8666,160.81,876.35,176.31,4.7245,0,428.65,0,19.451,0,57.86,0,0,39.699,6.0556,39.236,0,136.35,23.067,10.023,0,0,72.583,0.34532,253.34,18.329,23.458,0.45006,0,32.444,157.95,7.2529,0.16711,6.8834,9.1208,6.75,67.813,232.17,105.9,260.07,227.09,240.59,275.13,245.51,15.276,0,19.239,0,1473.8,0,0,550.58,58.896,6.9269,3.8145,17.155,0,0,0,0,41.943,10.523,206.38,99.705,0,0,0,18.022,44.915,379.73,3910
54.24,836.61,1160.2,58.272,0,0,139.19,277.41,0,990.97,229.12,0,0,0,102.01,35.53,156.57,184.26,571.68,147.78,42.274,24.964,59.844,0,65.716,168.3,37.054,94.831,476.91,172.43,78.966,22.99,160.04,149.87,60.246,393.81,53.429,70.537,70.392,17.152,14.501,4.1567,4.7334,814.61,285.56,25.929,11.149,34.93,10.229,235.84,5.0248,53.34,55.419,49.167,24.829,16.01,21.609,121.22,17.942,62.237,592.19,2.9833,3.9328,20.047,65.927,12.194,19.23,25.942,228.4,166.8,220.96,0,2420.7,27.711,12.586,5187.1,23.029,92.01,359.02,12.059,16.142,11.457,0,11.24,94.1,96.884,28.321,25.81,14.384,58.072,4.1996,31.244,436.55,868.72,219.75,13.371,0,424.92,0,61.51,0,163.75,0,0,49.479,17.138,48.903,0,169.94,40.793,17.726,0,0,111.93,0.97729,390.68,23.307,66.388,1.2737,0,75.206,193.13,19.689,0.45363,15.156,20.082,8.2538,157.19,630.26,287.48,705.98,616.48,653.11,746.88,666.46,48.305,0,34.024,0,3314.3,0,0,545.79,58.383,10.682,10.355,46.57,0,0,0,0,41.576,16.227,204.59,98.837,0,0,0,48.923,54.921,376.43,4970
52.576,810.94,1124.6,39.238,0,0,88.379,213.12,0,498.98,326.61,0,0,0,88.165,34.44,120.47,141.78,439.87,75.156,60.261,35.586,85.308,0,93.678,84.744,18.658,135.18,242.55,245.8,112.57,32.772,62.426,57.519,23.301,159.21,21.6,28.517,23.035,5.6126,13.787,3.952,4.5004,774.5,301.57,25.134,3.6483,11.43,9.7251,289.16,4.7774,50.713,52.69,47.659,24.068,15.519,20.945,93.123,17.391,60.327,768.49,2.8918,5.6062,19.432,93.978,11.82,18.64,25.146,221.39,161.69,214.18,0,969.23,26.861,12.2,1697.4,22.323,89.186,348,11.689,15.647,11.106,25.791,10.895,91.212,93.912,27.452,25.018,13.942,56.29,4.4351,32.996,423.16,668.43,313.25,14.857,0,326.95,0,79.822,0,181.95,0,0,70.533,19.043,69.711,0,242.24,27.468,11.936,0,0,71.07,1.0859,248.06,20.167,73.767,1.4153,0,30.404,183.62,19.085,0.43971,4.9594,6.5714,7.8474,63.55,610.93,278.66,684.32,597.56,633.07,723.96,646.01,62.686,54.866,22.91,343.77,4063.7,0,0,419.95,44.923,6.7825,10.037,45.141,0,0,0,0,31.941,10.303,157.42,76.049,0,0,30.918,47.422,52.217,289.64,4872
29.823,459.99,637.91,35.787,0,0,102.99,15.775,0,435.41,196.04,0,0,0,50.81,19.536,9.6663,11.376,35.295,65.773,36.17,21.36,51.204,0,56.228,73.948,16.281,81.139,212.27,147.53,67.565,19.67,17.963,15.455,6.4738,52.354,7.103,9.3774,6.3811,1.5548,2.4654,0.70673,0.80478,138.5,290,14.257,1.0107,3.1664,1.7391,290.88,0.85432,9.0688,9.4223,27.034,13.652,8.8029,11.881,6.893,9.865,34.22,425.16,1.6403,3.365,11.023,56.408,6.7047,10.573,14.264,125.58,91.714,121.49,0,308.11,15.237,6.92,470.22,12.662,50.589,197.4,6.6305,8.8753,6.2996,40.533,6.1801,51.739,53.27,15.571,14.191,7.9085,31.93,4.2649,31.73,240.03,53.634,188.02,22.602,0,26.234,0,44.161,0,276.8,0,0,42.336,28.97,41.842,0,145.4,25.053,10.886,0,0,82.822,1.652,289.08,18.838,112.22,2.1531,0,9.9981,32.837,10.826,0.24942,1.3739,1.8204,1.4033,20.898,346.54,158.06,388.17,338.96,359.1,410.65,366.44,34.68,86.225,20.895,396.28,4087.8,0,0,33.696,3.6045,7.9041,5.6934,25.605,0,0,0,0,2.3642,12.007,12.631,6.1021,0,0,48.59,26.899,9.3377,23.24,4473.4
14.347,221.29,306.89,21.007,0,0,61.615,0.11949,0,98.548,115.91,0,0,0,29.145,9.3983,0.87617,1.0312,3.1992,16.051,21.386,12.629,30.275,0,33.245,16.737,3.6849,47.974,51.801,87.23,39.948,11.63,7.3294,5.3949,2.4494,26.799,3.6359,4.8001,8.8713,2.1616,3.7939,1.0875,1.2384,213.13,1.7792,6.8587,1.4051,4.4021,2.6762,105.73,1.3147,13.955,14.499,13.005,6.5677,4.235,5.7158,0.052211,4.7459,16.463,5.0614,0.78913,1.9896,5.3028,33.352,3.2255,5.0867,6.8621,60.416,44.122,58.447,0,150,7.3301,3.3291,653.72,6.0916,24.338,94.966,3.1898,4.2698,3.0307,16.996,2.9732,24.891,25.627,7.4912,6.8271,3.8047,15.361,0.026166,0.19467,115.47,4.8615,111.17,26.289,0,2.3779,0,0.52572,0,321.96,0,493.98,25.031,33.696,24.74,0,85.97,14.706,6.3903,0,0,49.548,1.9215,172.94,6.4207,130.53,2.5043,0,5.1178,50.531,5.208,0.11999,1.91,2.5309,2.1595,10.697,166.71,76.043,186.74,163.07,172.76,197.56,176.29,0.41286,36.155,12.266,12.998,1485.8,0,0,3.0543,0.32672,4.7286,2.739,12.318,0,0,0,0,0.017908,7.1832,1.1449,0.55311,0,0,20.374,12.941,14.369,2.1065,4473.4
4.7476,73.227,101.55,9.3302,0,0,38.756,0,0,25.034,46.06,0,0,0,10.841,3.1099,0,4.1231e-11,1.2738e-09,5.2001,8.4983,5.0185,12.03,0,13.211,4.2517,0.93607,19.064,16.782,34.663,15.874,4.6216,0,0,0,8.9467,1.2138,1.6025,1.8934,0.46133,0.55555,0.15925,0.18135,31.209,6.2271,2.2696,0.29988,0.93952,0.39188,15.675,0.19251,2.0435,2.1232,4.3035,2.1733,1.4014,1.8914,0,1.5704,5.4475,6.7486,0.26112,0.79062,1.7547,13.253,1.0673,1.6832,2.2707,19.992,14.6,19.34,0,39.548,2.4255,1.1016,139.52,2.0157,8.0534,31.424,1.0555,1.4129,1.0029,12.994,0.98383,8.2364,8.4801,2.4789,2.2591,1.259,5.0829,0.09158,0.68133,38.21,0,44.177,16.755,0,5.1792e-10,0,0.70096,0,205.2,0,712.74,9.9469,21.476,9.8309,0,34.162,6.5316,2.8382,0,0,31.166,1.2247,108.78,1.7254,83.193,1.5961,0,1.7085,7.3993,1.7233,0.039706,0.40765,0.54015,0.31622,3.5711,55.166,25.163,61.793,53.959,57.166,65.373,58.334,0.55048,27.642,5.4478,0,220.29,0,0,7.5919e-10,1.1569e-10,2.9743,0.90634,4.0761,0,0,0,0,0,4.5183,0,5.5853e-11,0,0,15.577,4.2821,2.1041,7.2884e-11,4293
2.7259,42.045,58.307,5.7352,0,0,24.954,0,0,16.258,38.525,0,0,0,6.2677,1.7856,0,4.1231e-11,1.2738e-09,3.9047,7.108,4.1975,10.062,0,11.05,2.7612,0.60792,15.945,12.601,28.993,13.278,3.8656,3.4442,1.7192,0.979,17.462,2.3691,3.1276,0.94497,0.23025,1.169,0.33509,0.38159,65.67,0,1.3031,0.14967,0.46891,0.8246,5.1392,0.40508,4.3,4.4676,2.471,1.2478,0.80462,1.086,0,0.90169,3.1278,0,0.14993,0.66128,1.0075,11.085,0.61283,0.96644,1.3038,11.479,8.3829,11.104,0,92.23,1.3927,0.63251,69.634,1.1574,4.624,18.043,0.60605,0.81123,0.57581,9.2637,0.56489,4.7291,4.869,1.4233,1.2971,0.72286,2.9185,0,0,21.939,0,36.95,13.187,0,5.1792e-10,0,1.202e-11,0,161.5,0,360.1,8.3196,16.903,8.2227,0,28.574,4.0149,1.7446,0,0,20.067,0.96386,70.041,3.1962,65.476,1.2562,0,3.3346,15.57,0.98949,0.022798,0.20346,0.26959,0.66538,6.9699,31.675,14.448,35.48,30.982,32.823,37.535,33.494,0,19.707,3.3487,139.87,72.223,0,0,7.5919e-10,1.1569e-10,1.9151,0.52039,2.3404,0,0,0,0,0,2.9092,0,5.5853e-11,0,0,11.105,2.4587,4.4275,7.2884e-11,3721.9
1.1563,17.835,24.734,2.9947,0,0,12.131,0,0,11.697,16.029,0,0,0,3.59,0.75746,0,4.1231e-11,1.2738e-09,3.2315,2.9574,1.7464,4.1866,0,4.5974,1.9866,0.43737,6.6343,10.429,12.063,5.5243,1.6083,3.6415,1.906,1.0537,17.936,2.4334,3.2126,0.87435,0.21304,0.65393,0.18745,0.21346,36.736,0,0.55278,0.13848,0.43387,0.46128,0.55661,0.2266,2.4054,2.4992,1.0482,0.52933,0.34132,0.46067,0,0.3825,1.3268,0,0.0636,0.27514,0.42739,4.6122,0.25996,0.40997,0.55306,4.8692,3.5561,4.7106,0,95.165,0.59077,0.26831,64.43,0.49095,1.9615,7.6538,0.25709,0.34413,0.24426,6.3979,0.23963,2.0061,2.0655,0.60376,0.55023,0.30664,1.238,0,0,9.3067,0,15.374,5.927,0,5.1792e-10,0,1.202e-11,0,72.587,0,0,3.4615,7.597,3.4212,0,11.889,2.0964,0.91099,0,0,9.7548,0.43321,34.048,1.98,29.429,0.56461,0,3.4252,8.7097,0.41974,0.0096709,0.18825,0.24944,0.37222,7.1593,13.436,6.1287,15.051,13.142,13.924,15.922,14.208,0,13.61,1.7486,480.19,7.8222,0,0,7.5919e-10,1.1569e-10,0.93095,0.22075,0.9928,0,0,0,0,0,1.4142,0,5.5853e-11,0,0,7.6698,1.043,2.4768,7.2884e-11,4392.6
1.1504,17.745,24.608,1.9792,0,0,27.941,0,0,13.312,5.5932,0,0,0,4.5569,0.7536,0,4.1231e-11,1.2738e-09,3.4699,1.032,0.60941,1.4609,0,1.6042,2.2608,0.49776,2.315,11.198,4.2093,1.9277,0.56121,5.5122,3.6757,1.7617,22.432,3.0434,4.0178,0.56664,0.13807,0.53387,0.15304,0.17427,29.991,0,0.54997,0.089747,0.28118,0.37659,0.32037,0.185,1.9638,2.0403,1.0428,0.52664,0.33958,0.45832,0,0.38055,1.3201,0,0.063276,0.096007,0.42521,1.6094,0.25864,0.40788,0.55024,4.8444,3.5379,4.6866,0,122.98,0.58776,0.26695,41.755,0.48845,1.9515,7.6148,0.25578,0.34237,0.24301,6.9387,0.23841,1.9959,2.0549,0.60069,0.54743,0.30508,1.2317,0,0,9.2593,0,5.3645,4.895,0,5.1792e-10,0,1.202e-11,0,59.948,0,0,1.2079,6.2742,1.1938,0,4.1484,1.3855,0.60207,0,0,22.469,0.35778,78.425,1.6688,24.304,0.4663,0,4.2838,7.1105,0.41761,0.0096216,0.122,0.16165,0.30388,8.9538,13.368,6.0975,14.974,13.076,13.853,15.841,14.136,0,14.761,1.1556,512.5,4.5023,0,0,7.5919e-10,1.1569e-10,2.1443,0.21963,0.98775,0,0,0,0,0,3.2574,0,5.5853e-11,0,0,8.3181,1.0377,2.022,7.2884e-11,3132.7
1.6777,25.876,35.885,5.6793,0,0,37.224,0,0,29.67,17.707,0,0,0,3.4246,1.099,0,4.1231e-11,1.2738e-09,5.8844,3.267,1.9293,4.6249,0,5.0787,5.039,1.1094,7.3288,18.99,13.326,6.1027,1.7767,0,0,0,7.5727,1.0274,1.3564,0.95101,0.23172,0.39165,0.11227,0.12785,22.002,0,0.802,0.15063,0.47191,0.27627,0.29668,0.13572,1.4407,1.4968,1.5207,0.76797,0.4952,0.66835,0,0.55495,1.925,0,0.092273,0.30394,0.62007,5.095,0.37716,0.5948,0.8024,7.0645,5.1593,6.8342,0,31.047,0.85712,0.38928,70.079,0.71229,2.8459,11.104,0.37299,0.49927,0.35438,4.6224,0.34766,2.9105,2.9966,0.87596,0.7983,0.44488,1.7962,0,0,13.503,0,16.983,2.0396,0,5.1792e-10,0,1.202e-11,0,24.979,0,0,3.8239,2.6143,3.7793,0,13.133,3.9758,1.7276,0,0,29.934,0.14908,104.48,1.7254,10.127,0.1943,0,1.4461,5.2164,0.60898,0.014031,0.20476,0.27131,0.22293,3.0227,19.494,8.8918,21.836,19.068,20.201,23.101,20.614,0,9.8333,3.3161,238.91,4.1694,0,0,7.5919e-10,1.1569e-10,2.8567,0.32027,1.4404,0,0,0,0,0,4.3396,0,5.5853e-11,0,0,5.5413,1.5132,1.4834,7.2884e-11,2948.4
4.231,65.259,90.501,16.269,0,0,83.576,15.382,0,74.803,22.333,0,0,0,8.3305,2.7715,9.4455,11.117,34.489,12.546,4.1205,2.4333,5.8332,0,6.4056,12.704,2.797,9.2434,40.49,16.807,7.697,2.2409,2.4445,0.7735,0.60066,15.059,2.0431,2.6973,3.25,0.79189,1.3787,0.39523,0.45006,77.454,0,2.0226,0.51475,1.6127,0.97257,9.0185,0.47777,5.0716,5.2693,3.8353,1.9368,1.2489,1.6856,6.7211,1.3996,4.8548,5.0614,0.23271,0.38334,1.5638,6.4261,0.9512,1.5001,2.0236,17.816,13.012,17.236,0,77.366,2.1616,0.98175,239.49,1.7964,7.1772,28.005,0.94067,1.2591,0.89374,0.89304,0.87678,7.3402,7.5574,2.2091,2.0133,1.122,4.5299,0,0,34.053,52.409,21.42,1.5212,0,25.635,0,0.52572,0,18.63,0,0,4.8229,1.9498,4.7667,0,16.564,11.389,4.949,0,0,67.208,0.11119,234.58,2.4608,7.5531,0.14491,0,2.8758,18.363,1.5358,0.035386,0.69974,0.92718,0.78478,6.011,49.164,22.425,55.07,48.088,50.946,58.26,51.987,0.41286,1.8998,9.4992,45.469,126.74,0,0,32.927,3.5222,6.4139,0.80772,3.6326,0,0,0,0,2.3053,9.7434,12.342,5.9627,0,0,1.0706,3.8162,5.222,22.709,3553.4
12.031,185.56,257.34,31.169,0,0,96.734,88.659,0,272.35,122.68,0,0,0,15.957,7.8809,50.588,59.537,184.71,41.705,22.635,13.367,32.043,0,35.187,46.255,10.184,50.776,134.59,92.325,42.281,12.31,6.8472,4.9387,2.2669,25.64,3.4787,4.5925,3.0863,0.75201,0.78984,0.22641,0.25783,44.371,23.129,5.7513,0.48883,1.5315,0.55715,32.412,0.2737,2.9054,3.0186,10.906,5.5073,3.5512,4.7929,38.739,3.9796,13.805,59.893,0.66171,2.1058,4.4467,35.3,2.7047,4.2654,5.7542,50.661,36.998,49.01,0,142.83,6.1466,2.7916,227.43,5.108,20.408,79.633,2.6748,3.5804,2.5413,0,2.4931,20.872,21.49,6.2817,5.7248,3.1904,12.881,0.34015,2.5306,96.83,280.69,117.66,3.6739,0,137.29,0,6.221,0,44.993,0,0,26.493,4.709,26.185,0,90.991,21.82,9.4816,0,0,77.788,0.26853,271.51,14.143,18.241,0.34997,0,4.8965,10.52,4.3671,0.10062,0.6645,0.88049,0.44958,10.234,139.8,63.765,156.59,136.74,144.86,165.66,147.83,4.8855,0,18.199,0,455.49,0,0,176.35,18.864,7.4237,2.2968,10.329,0,0,0,0,13.287,11.277,66.103,31.935,0,0,0,10.851,2.9915,121.63,3721.3
20.979,323.58,448.74,35.449,0,0,89.75,194.21,0,395.81,170.66,0,0,0,35.429,13.742,109.85,129.29,401.11,59.928,31.488,18.594,44.575,0,48.949,67.222,14.8,70.635,193.4,128.43,58.817,17.124,48.136,44,17.893,124.87,16.941,22.366,10.004,2.4376,1.5393,0.44126,0.50248,86.476,96.965,10.029,1.5845,4.9642,1.0859,88.783,0.53342,5.6623,5.883,19.017,9.6035,6.1924,8.3577,84.862,6.9396,24.072,108.82,1.1539,2.9294,7.7539,49.105,4.7164,7.4379,10.034,88.341,64.516,85.462,0,756.75,10.718,4.8679,737.19,8.9072,35.587,138.86,4.6642,6.2433,4.4315,0,4.3474,36.396,37.473,10.954,9.9827,5.5632,22.461,1.426,10.609,168.85,609.53,163.68,4.7605,0,298.14,0,11.303,0,58.301,0,0,36.855,6.1018,36.425,0,126.58,24.816,10.784,0,0,72.173,0.34795,251.91,17.876,23.637,0.45349,0,23.846,20.502,7.6153,0.17546,2.1539,2.854,0.87619,49.842,243.77,111.19,273.06,238.44,252.61,288.88,257.77,8.8764,0,20.698,0,1247.7,0,0,382.95,40.964,6.8878,4.005,18.012,0,0,0,0,29.107,10.463,143.55,69.348,0,0,0,18.922,5.8302,264.12,3590
43.539,671.54,931.29,38.993,0,0,113.3,242.19,0,363.41,416.08,0,0,0,98.359,28.52,136.79,160.99,499.47,55.146,76.769,45.334,108.68,0,119.34,61.72,13.589,172.21,177.97,313.13,143.4,41.749,106.09,98.829,39.827,264.15,35.838,47.313,45.122,10.994,30.534,8.7527,9.967,1715.3,410.99,20.814,7.1466,22.39,21.538,111.17,10.581,112.32,116.69,39.467,19.931,12.851,17.345,105.83,14.402,49.957,1036.7,2.3947,7.142,16.092,119.72,9.7882,15.436,20.824,183.34,133.89,177.36,0,1618.5,22.244,10.103,3325,18.485,73.856,288.18,9.6799,12.957,9.1969,0,9.0224,75.534,77.769,22.733,20.717,11.546,46.614,6.0443,44.968,350.42,759,399.07,14.099,0,371.25,0,107.68,0,172.67,0,0,89.854,18.072,88.807,0,308.6,27.297,11.862,0,0,91.111,1.0305,318.01,22.769,70.005,1.3431,0,50.445,406.68,15.804,0.36413,9.7149,12.873,17.38,105.44,505.91,230.76,566.69,494.84,524.25,599.52,534.97,84.563,0,22.767,141.95,1562.3,0,0,476.85,51.009,8.6951,8.3118,37.381,0,0,0,0,36.298,13.209,178.75,86.353,0,0,0,39.27,115.65,328.88,4199
64.956,1001.9,1389.4,48.557,0,0,119.8,123.81,0,378.06,574.68,0,0,0,121.33,42.549,70.324,82.766,256.78,57.308,106.03,62.615,150.1,0,164.83,64.208,14.136,237.86,184.95,432.49,198.06,57.663,89.729,83.349,33.635,224.83,30.503,40.27,24.84,6.0524,14.545,4.1694,4.7479,817.1,321.14,31.052,3.9342,12.326,10.26,239.14,5.0402,53.503,55.588,58.88,29.735,19.173,25.877,54.099,21.486,74.532,1004.7,3.5726,9.8643,24.008,165.36,14.603,23.029,31.067,273.52,199.76,264.61,0,1375.2,33.186,15.072,1830.4,27.579,110.19,429.94,14.442,19.331,13.721,25.791,13.461,112.69,116.02,33.915,30.909,17.225,69.544,4.7229,35.137,522.79,390.2,551.18,38.149,0,190.86,0,104.36,0,467.2,0,0,124.1,48.897,122.66,0,426.24,33.992,14.771,0,0,96.334,2.7883,336.24,42.428,189.41,3.6341,0,42.935,193.72,23.579,0.54325,5.348,7.0863,8.279,89.741,754.77,344.27,845.45,738.26,782.14,894.42,798.12,81.953,54.866,28.352,0,3360.7,0,0,245.15,26.224,9.1935,12.4,55.769,0,0,0,0,18.556,13.966,91.893,44.394,0,0,30.918,58.588,55.089,169.08,4126
39.824,614.25,851.84,42.797,0,0,118.06,73.033,0,371.86,344,0,0,0,85.251,26.087,41.814,49.212,152.68,56.393,63.47,37.481,89.85,0,98.666,63.155,13.905,142.38,182,258.88,118.56,34.517,31.498,28.259,11.596,84.882,11.516,15.204,11.021,2.6854,5.4081,1.5503,1.7653,303.81,338.93,19.038,1.7456,5.4689,3.8148,224.15,1.874,19.893,20.668,36.1,18.23,11.755,15.865,31.912,13.173,45.695,659.67,2.1904,5.9047,14.719,98.982,8.9531,14.119,19.047,167.7,122.47,162.23,0,509.36,20.346,9.2407,812.14,16.908,67.555,263.6,8.8541,11.852,8.4123,40.533,8.2527,69.09,71.134,20.794,18.95,10.561,42.637,4.9845,37.084,320.52,232.01,329.93,29.12,0,113.48,0,68.519,0,356.63,0,0,74.288,37.325,73.423,0,255.14,29.96,13.019,0,0,94.941,2.1284,331.38,21.242,144.59,2.774,0,16.21,72.03,14.456,0.33307,2.3729,3.1442,3.0783,33.881,462.75,211.07,518.34,452.63,479.53,548.37,489.33,53.809,86.225,24.988,0,3150,0,0,145.76,15.592,9.0607,7.6027,34.192,0,0,0,0,10.946,13.764,54.639,26.396,0,0,48.59,35.92,20.483,100.53,4062
17.315,267.06,370.36,26.316,0,0,74.744,10.569,0,69.265,154.94,0,0,0,29.728,11.342,6.7433,7.9363,24.622,11.729,28.587,16.882,40.469,0,44.44,11.764,2.59,64.128,37.852,116.6,53.4,15.546,8.8884,6.8697,3.0394,30.545,4.1442,5.4711,4.2587,1.0377,3.3184,0.95125,1.0832,186.42,82.731,8.2772,0.67451,2.1133,2.3408,91.117,1.1499,12.207,12.682,15.695,7.9261,5.1108,6.8979,4.6183,5.7274,19.867,89.418,0.95233,2.6595,6.3996,44.582,3.8926,6.1387,8.2813,72.911,53.247,70.535,0,173.18,8.8461,4.0177,313.82,7.3514,29.371,114.61,3.8495,5.1528,3.6575,16.996,3.5881,30.039,30.928,9.0405,8.239,4.5915,18.538,1.2167,9.0519,139.36,37.416,148.6,29.578,0,18.301,0,9.2877,0,362.24,0,57.425,33.46,37.912,33.07,0,114.92,18.422,8.0053,0,0,60.105,2.1619,209.79,19.545,146.86,2.8177,0,5.8333,44.198,6.2851,0.14481,0.91692,1.2149,1.8888,12.192,201.19,91.77,225.36,196.79,208.49,238.42,212.75,7.2938,36.155,15.365,54.852,1280.5,0,0,23.507,2.5146,5.7361,3.3055,14.866,0,0,0,0,1.584,8.7138,8.8116,4.2569,0,0,20.374,15.617,12.568,16.213,3381.1
5.662,87.331,121.11,13.539,0,0,55.498,0,0,56.671,97.92,0,0,0,10.195,3.7089,0.65624,0.77234,2.3962,9.8698,18.067,10.669,25.576,0,28.085,9.6247,2.119,40.528,31.852,73.692,33.748,9.8252,0,0,0,6.3949,0.86761,1.1454,1.6488,0.40175,0.46971,0.13465,0.15333,26.387,4.4479,2.7067,0.26115,0.81818,0.33133,21.631,0.16277,1.7278,1.7951,5.1324,2.5919,1.6713,2.2557,0,1.8729,6.4967,15.184,0.31142,1.6808,2.0927,28.175,1.2729,2.0074,2.708,23.842,17.412,23.065,0,23.76,2.8927,1.3138,121.5,2.404,9.6046,37.477,1.2588,1.685,1.196,12.994,1.1733,9.8228,10.113,2.9563,2.6942,1.5015,6.062,0.065414,0.48666,45.57,3.6412,93.916,18.681,0,1.781,0,1.5771,0,228.78,0,643.89,21.146,23.944,20.9,0,72.627,9.4779,4.1186,0,0,44.629,1.3654,155.77,5.6287,92.753,1.7795,0,1.2212,6.256,2.0553,0.047354,0.355,0.47038,0.26736,2.5526,65.792,30.009,73.695,64.352,68.176,77.964,69.57,1.2386,27.642,7.9052,55.755,303.99,0,0,2.2876,0.24471,4.2591,1.0809,4.8613,0,0,0,0,0,6.47,0.85751,0.41427,0,0,15.577,5.1069,1.779,1.5778,3567
2.5958,40.037,55.523,5.1732,0,0,17.427,0.65651,0,31.267,14.362,0,0,0,2.6158,1.7004,1.1777,1.386,4.3001,6.1201,2.6499,1.5648,3.7512,0,4.1193,5.3102,1.1691,5.9443,19.751,10.808,4.9498,1.4411,0,0,0,6.2242,0.84445,1.1148,0.86092,0.20977,0.90678,0.25993,0.296,50.94,0,1.2409,0.13636,0.4272,0.63964,4.6715,0.31422,3.3355,3.4655,2.353,1.1882,0.7662,1.0341,0.28686,0.85864,2.9784,0,0.14277,0.24652,0.9594,4.1325,0.58357,0.9203,1.2415,10.93,7.9826,10.574,0,22.704,1.3262,0.60231,63.44,1.1021,4.4033,17.181,0.57711,0.77249,0.54831,9.2637,0.53791,4.5033,4.6365,1.3553,1.2352,0.68835,2.7791,0,0,20.892,6.5345,13.775,10.552,0,3.1962,0,1.202e-11,0,129.23,0,73.053,3.1015,13.525,3.0654,0,10.652,3.6215,1.5737,0,0,14.014,0.77127,48.915,2.5739,52.393,1.0052,0,1.1886,12.077,0.94224,0.021709,0.18536,0.24561,0.51614,2.4844,30.162,13.758,33.786,29.502,31.256,35.743,31.894,0,19.707,3.0206,75.733,65.65,0,0,4.1054,0.43916,1.3374,0.49554,2.2286,0,0,0,0,0.098392,2.0317,1.5389,0.74345,0,0,11.105,2.3413,3.4344,2.8315,2590
2.0224,31.193,43.258,3.7965,0,0,12.594,0,0,19.256,14.842,0,0,0,3.0085,1.3247,0,4.1231e-11,1.2738e-09,4.3472,2.7384,1.6171,3.8766,0,4.257,3.2703,0.72002,6.143,14.03,11.17,5.1152,1.4892,1.8519,0.2129,0.37639,13.635,1.8499,2.4422,0.47553,0.11587,0.54198,0.15536,0.17692,30.447,0,0.96678,0.075316,0.23597,0.38231,0.30189,0.18781,1.9936,2.0713,1.8332,0.92576,0.59694,0.80567,0,0.66897,2.3205,0.84357,0.11123,0.25476,0.74747,4.2706,0.45466,0.717,0.96726,8.5159,6.2193,8.2384,0,68.555,1.0332,0.46926,35.041,0.85864,3.4306,13.386,0.44963,0.60185,0.42719,6.3979,0.41909,3.5085,3.6123,1.0559,0.96232,0.53629,2.1652,0,0,16.277,0,14.235,6.876,0,5.1792e-10,0,0.08762,0,84.209,0,0,3.2052,8.8133,3.1678,0,11.008,2.6577,1.1549,0,0,10.128,0.50257,35.349,2.4608,34.14,0.65501,0,2.6039,7.2186,0.7341,0.016914,0.10238,0.13566,0.3085,5.4425,23.499,10.719,26.322,22.985,24.351,27.847,24.849,0.06881,13.61,2.2167,175.05,4.2426,0,0,7.5919e-10,1.1569e-10,0.96652,0.38608,1.7363,0,0,0,0,0,1.4682,0,5.5853e-11,0,0,7.6698,1.8241,2.0527,7.2884e-11,2448.1
0.5144,7.9341,11.003,2.6389,0,0,27.078,0,0,44.659,8.3267,0,0,0,3.0967,0.33696,0,4.1231e-11,1.2738e-09,8.0968,1.5363,0.90724,2.1749,0,2.3883,7.5847,1.6699,3.4464,26.13,6.2664,2.8698,0.83549,0.40516,0,0,10.158,1.3782,1.8195,2.1861,0.53266,1.3435,0.38513,0.43857,75.476,0,0.24591,0.34624,1.0848,0.94773,0.39633,0.46557,4.9421,5.1347,0.46629,0.23547,0.15184,0.20493,0,0.17016,0.59024,0,0.028293,0.14293,0.19012,2.3959,0.11565,0.18238,0.24603,2.1661,1.5819,2.0955,0,47.043,0.26281,0.11936,161.09,0.2184,0.87259,3.4048,0.11437,0.15309,0.10866,6.9387,0.1066,0.89241,0.91882,0.26858,0.24477,0.13641,0.55074,0,0,4.1401,0,7.9862,4.1515,0,5.1792e-10,0,1.202e-11,0,50.842,0,613.11,1.7982,5.3211,1.7772,0,6.1759,1.8474,0.80275,0,0,21.775,0.30343,76.002,4.3559,20.613,0.39547,0,1.9399,17.894,0.18672,0.0043021,0.47067,0.62365,0.76474,4.0547,5.9772,2.7264,6.6953,5.8465,6.1939,7.0832,6.3205,0,14.761,1.5408,87.624,5.5698,0,0,7.5919e-10,1.1569e-10,2.0781,0.098202,0.44165,0,0,0,0,0,3.1568,0,5.5853e-11,0,0,8.3181,0.46397,5.0886,7.2884e-11,2640
0.4907,7.5685,10.496,2.6389,0,0,21.725,0,0,23.518,5.5027,0,0,0,2.4985,0.32143,0,4.1231e-11,1.2738e-09,4.9763,1.0153,0.59955,1.4373,0,1.5783,3.9942,0.87938,2.2775,16.06,4.1412,1.8965,0.55213,0,0,0,6.4731,0.87822,1.1594,1.089,0.26536,0.72636,0.20822,0.2371,40.805,0,0.23458,0.17249,0.54041,0.51238,0.69505,0.2517,2.6719,2.776,0.4448,0.22462,0.14484,0.19549,0,0.16232,0.56304,0,0.026989,0.094453,0.18136,1.5833,0.11032,0.17397,0.23469,2.0663,1.509,1.9989,0,24.244,0.2507,0.11386,80.251,0.20834,0.83239,3.2479,0.1091,0.14603,0.10365,4.6224,0.10169,0.85129,0.87649,0.25621,0.23349,0.13012,0.52536,0,0,3.9493,0,5.2777,1.1307,0,5.1792e-10,0,1.202e-11,0,13.847,0,0,1.1883,1.4492,1.1745,0,4.0813,1.8474,0.80275,0,0,17.47,0.082641,60.977,3.6488,5.6139,0.10771,0,1.2362,9.6744,0.17812,0.0041039,0.23448,0.31069,0.41345,2.5838,5.7018,2.6007,6.3868,5.5771,5.9085,6.7568,6.0293,0,9.8333,1.5408,77.016,9.7677,0,0,7.5919e-10,1.1569e-10,1.6672,0.093677,0.4213,0,0,0,0,0,2.5327,0,5.5853e-11,0,0,5.5413,0.44259,2.7511,7.2884e-11,2927
1.2305,18.98,26.321,9.4701,0,0,22.736,20.025,0,26.119,28.09,0,0,0,2.6275,0.80606,12.052,14.184,44.007,5.3602,5.1827,3.0606,7.3368,0,8.0568,4.4359,0.97664,11.626,17.299,21.14,9.6811,2.8185,0,0,0,8.4503,1.1465,1.5136,1.7354,0.42284,0.60163,0.17246,0.19639,33.798,0,0.58825,0.27486,0.86114,0.42439,15.875,0.20848,2.213,2.2993,1.1154,0.5633,0.36322,0.49022,8.7498,0.40704,1.4119,3.3743,0.067681,0.48216,0.45481,8.0826,0.27664,0.43627,0.58854,5.1817,3.7842,5.0128,0,36.477,0.62868,0.28553,127.88,0.52245,2.0874,8.1449,0.27358,0.36621,0.25993,0.89304,0.255,2.1348,2.198,0.6425,0.58554,0.32631,1.3175,0,0,9.9038,66.873,26.941,0.87149,0,32.71,0,0.35048,0,10.673,0,0,6.0662,1.117,5.9955,0,20.834,6.6295,2.8808,0,0,18.283,0.063698,63.815,3.4225,4.3271,0.083019,0,1.6138,8.0131,0.44668,0.010291,0.37364,0.49508,0.34245,3.373,14.299,6.5219,16.016,13.986,14.817,16.944,15.12,0.27524,1.8998,5.5294,0,223.1,0,0,42.014,4.4943,1.7448,0.23492,1.0565,0,0,0,0,3.0011,2.6506,15.749,7.6083,0,0,1.0706,1.1099,2.2787,28.977,3482.7
7.0351,108.51,150.48,13.422,0,0,60.824,96.407,0,254.11,57.858,0,0,0,8.1607,4.6084,54.938,64.658,200.6,39.013,10.675,6.304,15.112,0,16.595,43.157,9.5017,23.947,125.9,43.542,19.941,5.8054,3.9856,2.2314,1.1839,18.763,2.5456,3.3607,1.6625,0.40509,0.80481,0.2307,0.26271,45.212,0,3.3631,0.26332,0.82498,0.56771,48.701,0.27889,2.9604,3.0758,6.3771,3.2204,2.0766,2.8027,42.125,2.3271,8.0722,0,0.38694,0.99313,2.6002,16.648,1.5816,2.4942,3.3648,29.624,21.635,28.659,0,100.28,3.5942,1.6324,122.51,2.9869,11.934,46.565,1.5641,2.0936,1.4861,0,1.4579,12.205,12.566,3.6732,3.3476,1.8656,7.532,0,0,56.621,304.83,55.492,2.0761,0,149.1,0,1.202e-11,0,25.426,0,0,12.495,2.6611,12.349,0,42.913,9.396,4.083,0,0,48.912,0.15175,170.72,5.261,10.308,0.19777,0,3.5831,10.719,2.5537,0.058837,0.35795,0.47429,0.4581,7.4893,81.746,37.287,91.567,79.958,84.71,96.871,86.441,0,0,7.8369,71.673,684.41,0,0,191.51,20.486,4.6679,1.343,6.0401,0,0,0,0,14.449,7.091,71.788,34.681,0,0,0,6.3454,3.0482,132.09,3596
19.07,294.14,407.91,31.608,0,0,75.343,208.55,0,342.56,182.27,0,0,0,48.381,12.492,117.9,138.76,430.5,52.068,33.63,19.859,47.607,0,52.279,58.179,12.809,75.44,168.04,137.17,62.819,18.289,42.246,38.427,15.664,110.71,15.021,19.83,34.616,8.4344,7.8721,2.2566,2.5697,442.23,110.31,9.1164,5.4826,17.177,5.5529,83.02,2.7278,28.957,30.085,17.287,8.7297,5.629,7.5973,91.126,6.3081,21.882,258.98,1.0489,3.1286,7.0484,52.446,4.2873,6.7611,9.1209,80.303,58.646,77.686,0,669.17,9.743,4.425,2550.8,8.0967,32.349,126.23,4.2398,5.6753,4.0283,0,3.9519,33.084,34.063,9.9571,9.0744,5.0571,20.417,1.6223,12.069,153.48,654.19,174.82,4.8153,0,319.98,0,26.9,0,58.972,0,0,39.362,6.172,38.903,0,135.19,22.127,9.6152,0,0,60.587,0.35196,211.47,6.5621,23.909,0.45871,0,21.143,104.85,6.9224,0.15949,7.4529,9.8753,4.4808,44.191,221.59,101.07,248.21,216.74,229.62,262.59,234.32,21.125,0,18.455,0,1166.7,0,0,411,43.966,5.7821,3.6406,16.373,0,0,0,0,31.256,8.7836,154.06,74.429,0,0,0,17.201,29.815,283.47,3615.5
49.86,769.04,1066.5,44.061,0,0,93.776,417.9,0,591.56,295.25,0,0,0,109.85,32.661,235.45,277.1,859.7,88.822,54.475,32.169,77.117,0,84.684,100.47,22.12,122.2,286.65,222.2,101.76,29.625,123.1,114.92,46.265,305.03,41.384,54.635,87.107,21.224,14.895,4.2696,4.862,836.74,489.27,23.835,13.796,43.224,10.507,171.11,5.1613,54.789,56.924,45.196,22.824,14.717,19.863,182.6,16.493,57.211,920.33,2.7424,5.0679,18.428,84.955,11.209,17.677,23.847,209.96,153.33,203.11,0,1871.4,25.473,11.569,6418.8,21.169,84.579,330.02,11.085,14.838,10.532,0,10.332,86.5,89.06,26.033,23.725,13.222,53.382,7.1956,53.533,401.29,1306.4,283.18,11.608,0,639,0,95.593,0,142.16,0,0,63.76,14.878,63.018,0,218.99,30.845,13.403,0,0,75.41,0.84844,263.21,2.5457,57.635,1.1058,0,58.251,198.38,18.099,0.417,18.754,24.85,8.478,121.75,579.36,264.26,648.96,566.69,600.37,686.56,612.64,75.071,0,25.727,78.687,2404.6,0,0,820.76,87.798,7.1967,9.5185,42.808,0,0,0,0,62.632,10.933,307.66,148.63,0,0,0,44.972,56.413,566.08,3511.4
65.031,1003,1391,41.545,0,0,103.44,138.35,0,377.67,393.35,0,0,0,107.69,42.598,78.487,92.372,286.58,57.251,72.575,42.858,102.74,0,112.82,64.142,14.122,162.8,184.76,296.02,135.57,39.468,76.473,70.808,28.618,192.97,26.181,34.564,38.9,9.4783,13.704,3.9283,4.4733,769.85,354.94,31.088,6.1612,19.303,9.6668,283.14,4.7487,50.409,52.374,58.948,29.769,19.195,25.907,60.451,21.511,74.618,803.92,3.5768,6.7518,24.036,113.18,14.62,23.056,31.103,273.84,199.99,264.91,0,1178.1,33.224,15.09,2866.5,27.61,110.31,430.44,14.458,19.353,13.737,25.791,13.476,112.82,116.16,33.955,30.944,17.245,69.624,5.22,38.835,523.39,435.49,377.27,22.602,0,213.01,0,83.502,0,276.8,0,0,84.946,28.97,83.956,0,291.75,29.083,12.638,0,0,83.177,1.652,290.32,21.214,112.22,2.1531,0,36.851,182.52,23.606,0.54388,8.3753,11.098,7.8003,77.025,755.64,344.67,846.42,739.11,783.04,895.45,799.04,65.576,54.866,24.257,0,3979,0,0,273.6,29.268,7.938,12.415,55.834,0,0,0,0,20.734,12.059,102.56,49.547,0,0,30.918,58.655,51.904,188.7,3760
27.496,424.1,588.14,32.823,0,0,76.027,33.836,0,283.32,255.69,0,0,0,42.771,18.011,19.807,23.311,72.322,43.324,47.176,27.859,66.784,0,73.337,48.118,10.594,105.83,139.82,192.42,88.123,25.656,24.312,21.461,8.8766,67.612,9.1731,12.11,8.7143,2.1233,3.8667,1.1084,1.2622,217.22,333.59,13.144,1.3802,4.3242,2.7276,247.8,1.3399,14.223,14.778,24.924,12.587,8.1161,10.954,14.785,9.0953,31.55,177.99,1.5123,4.3889,10.163,73.572,6.1816,9.7485,13.151,115.78,84.558,112.01,0,402.51,14.048,6.3801,642.15,11.674,46.642,182,6.1132,8.1828,5.8081,40.533,5.698,47.702,49.114,14.357,13.084,7.2915,29.438,4.906,36.499,221.3,109.9,245.23,18.522,0,53.755,0,18.487,0,226.84,0,32.667,55.217,23.741,54.574,0,189.64,22.978,9.9848,0,0,61.137,1.3538,213.39,19.545,91.966,1.7645,0,12.912,51.5,9.9809,0.22996,1.8762,2.4861,2.2009,26.988,319.5,145.73,357.88,312.51,331.08,378.61,337.85,14.519,86.225,19.165,14.728,3482.4,0,0,69.046,7.386,5.8346,5.2492,23.607,0,0,0,0,5.0711,8.8633,25.882,12.504,0,0,48.59,24.801,14.645,47.621,3482.7
8.7139,134.4,186.39,19.844,0,0,41.45,6.2747,0,52.503,114.92,0,0,0,14.574,5.7081,4.3321,5.0985,15.818,9.2546,21.203,12.521,30.016,0,32.961,8.9168,1.9632,47.564,29.867,86.485,39.607,11.531,3.9452,2.1932,1.1686,18.666,2.5324,3.3433,2.9576,0.72063,1.3295,0.3811,0.43398,74.686,49.817,4.1657,0.46843,1.4676,0.93781,117.99,0.46069,4.8903,5.081,7.8989,3.9889,2.5721,3.4715,2.7417,2.8824,9.9986,94.48,0.47928,1.9726,3.2207,33.067,1.959,3.0894,4.1677,36.694,26.798,35.498,0,99.68,4.4519,2.022,217.94,3.6997,14.782,57.678,1.9374,2.5933,1.8407,16.996,1.8058,15.117,15.565,4.5498,4.1464,2.3108,9.3294,0.73264,5.4507,70.133,24.037,110.22,22.069,0,11.757,0,9.8135,0,270.27,0,139.69,24.817,28.286,24.528,0,85.235,13.892,6.0365,0,0,33.332,1.613,116.34,6.3641,109.57,2.1023,0,3.5646,17.707,3.1631,0.072878,0.63677,0.84375,0.75673,7.4506,101.25,46.185,113.42,99.039,104.92,119.99,107.07,7.7067,36.155,11.587,74.263,1658.1,0,0,15.102,1.6154,3.181,1.6635,7.4815,0,0,0,0,0.9404,4.8323,5.6608,2.7348,0,0,20.374,7.8597,5.0354,10.416,3440
1.2058,18.598,25.792,7.5182,0,0,25.865,0,0,38.604,23.211,0,0,0,4.7456,0.78986,0.64737,0.7619,2.3638,7.2031,4.2825,2.529,6.0625,0,6.6574,6.5563,1.4435,9.6068,23.246,17.468,7.9996,2.329,0,0,0,3.7972,0.51518,0.68013,1.6841,0.41035,0.78685,0.22556,0.25685,44.203,0,0.57643,0.26674,0.83569,0.55504,18.84,0.27266,2.8944,3.0072,1.093,0.55197,0.35592,0.48037,0,0.39886,1.3836,4.2179,0.066321,0.39841,0.44567,6.6787,0.27108,0.4275,0.57671,5.0775,3.7082,4.912,0,7.6883,0.61604,0.27979,124.1,0.51195,2.0454,7.9812,0.26808,0.35885,0.25471,12.994,0.24988,2.0919,2.1538,0.62959,0.57377,0.31976,1.291,0,0,9.7048,3.592,22.262,10.114,0,1.757,0,0.43811,0,123.86,0,503.15,5.0125,12.963,4.9541,0,17.215,5.2631,2.287,0,0,20.799,0.73922,72.597,9.1643,50.216,0.96343,0,0.72515,10.48,0.4377,0.010085,0.36259,0.48045,0.44787,1.5157,14.011,6.3909,15.694,13.705,14.519,16.604,14.816,0.34405,27.642,4.3898,129.13,264.76,0,0,2.2567,0.2414,1.985,0.23019,1.0353,0,0,0,0,0,3.0154,0.84592,0.40867,0,0,15.577,1.0876,2.9802,1.5565,3126
2.1357,32.941,45.682,5.3275,0,0,17.947,0,0,29.67,27.423,0,0,0,3.1914,1.399,0.75823,0.89237,2.7686,5.8844,5.0597,2.9879,7.1626,0,7.8655,5.039,1.1094,11.35,18.99,20.638,9.4513,2.7516,5.1948,3.3754,1.6415,21.669,2.9399,3.8812,1.081,0.2634,0.24015,0.068841,0.078392,13.491,0,1.021,0.17121,0.53641,0.1694,4.1149,0.083218,0.88337,0.91781,1.9359,0.97764,0.63039,0.85082,0,0.70645,2.4505,0,0.11746,0.47071,0.78935,7.8906,0.48013,0.75718,1.0215,8.9931,6.5678,8.7001,0,118.26,1.0911,0.49556,79.658,0.90676,3.6228,14.136,0.47482,0.63558,0.45113,9.2637,0.44257,3.7051,3.8147,1.1151,1.0162,0.56634,2.2865,0,0,17.189,4.2071,26.302,9.0154,0,2.0578,0,1.202e-11,0,110.41,0,0,5.9221,11.556,5.8531,0,20.339,3.7295,1.6206,0,0,14.432,0.65895,50.372,2.1779,44.763,0.85881,0,4.1381,3.1986,0.77524,0.017862,0.23274,0.30839,0.13669,8.6493,24.816,11.319,27.797,24.273,25.716,29.408,26.241,0,19.707,3.1106,188.28,57.828,0,0,2.6432,0.28274,1.3773,0.40771,1.8336,0,0,0,0,0,2.0922,0.99078,0.47865,0,0,11.105,1.9263,0.90957,1.823,2040
0.90907,14.022,19.445,0.17469,0,0,5.3919,0,0,35.987,3.2388,0,0,0,3.8414,0.59549,0,4.1231e-11,1.2738e-09,6.8168,0.59757,0.35289,0.84594,0,0.92895,6.1119,1.3456,1.3405,22,2.4374,1.1162,0.32498,0,0,0,8.6635,1.1754,1.5518,1.7674,0.43065,0.82092,0.23532,0.26797,46.117,0,0.43458,0.27993,0.87703,0.57908,0.51199,0.28447,3.0197,3.1374,0.82405,0.41614,0.26833,0.36216,0,0.30071,1.0431,2.5307,0.05,0.055594,0.336,0.93193,0.20437,0.3223,0.43479,3.828,2.7956,3.7033,0,37.796,0.46445,0.21094,130.24,0.38597,1.5421,6.0172,0.20211,0.27054,0.19203,6.3979,0.18839,1.5771,1.6238,0.47466,0.43257,0.24107,0.97329,0,0,7.3166,0,3.1064,2.324,0,5.1792e-10,0,0.26286,0,28.461,0,0,0.69943,2.9787,0.69128,0,2.4022,0.12229,0.053141,0,0,4.3359,0.16986,15.134,1.2163,11.539,0.22138,0,1.6545,10.934,0.32999,0.0076029,0.38053,0.50422,0.46727,3.4581,10.563,4.8182,11.832,10.332,10.946,12.518,11.17,0.20643,13.61,0.102,574.84,7.1952,0,0,7.5919e-10,1.1569e-10,0.4138,0.17355,0.78051,0,0,0,0,0,0.6286,0,5.5853e-11,0,0,7.6698,0.81995,3.1092,7.2884e-11,2080
0.74119,11.432,15.854,5.3049,0,0,35.803,0,0,30.173,16.476,0,0,0,1.7087,0.48552,0,4.1231e-11,1.2738e-09,5.9586,3.0399,1.7952,4.3034,0,4.7257,5.1244,1.1282,6.8193,19.23,12.399,5.6784,1.6532,1.845,0.20634,0.37377,13.618,1.8476,2.4392,0.35548,0.086616,0.25012,0.071698,0.081646,14.051,0,0.35432,0.056303,0.1764,0.17643,0.37626,0.086672,0.92004,0.9559,0.67187,0.33929,0.21878,0.29528,0,0.24517,0.85046,0,0.040766,0.28281,0.27395,4.7408,0.16663,0.26278,0.3545,3.1211,2.2794,3.0194,0,68.452,0.37867,0.17198,26.195,0.31469,1.2573,4.9059,0.16479,0.22058,0.15657,6.9387,0.1536,1.2859,1.3239,0.387,0.35269,0.19655,0.79355,0,0,5.9654,0,15.802,5.8738,0,5.1792e-10,0,1.202e-11,0,71.935,0,0,3.5581,7.5287,3.5166,0,12.22,3.7137,1.6138,0,0,28.791,0.42932,100.49,1.9517,29.164,0.55954,0,2.6007,3.3313,0.26905,0.0061989,0.076536,0.10141,0.14237,5.4359,8.6125,3.9284,9.6471,8.4241,8.9247,10.206,9.1071,0,14.761,3.0974,268.24,5.2877,0,0,7.5919e-10,1.1569e-10,2.7476,0.1415,0.63637,0,0,0,0,0,4.1739,0,5.5853e-11,0,0,8.3181,0.66853,0.94732,7.2884e-11,2390
0.85508,13.189,18.29,2.4881,0,0,11.838,0,0,37.359,3.7156,0,0,0,2.5794,0.56012,0.65624,0.77234,2.3962,7.0193,0.68555,0.40484,0.97048,0,1.0657,6.3449,1.3969,1.5379,22.653,2.7962,1.2806,0.37282,1.734,0.10136,0.33177,13.352,1.8115,2.3915,0.21508,0.052406,0.36511,0.10466,0.11918,20.511,0,0.40877,0.034065,0.10673,0.25755,0.3834,0.12652,1.343,1.3954,0.7751,0.39142,0.2524,0.34065,0,0.28285,0.98114,0,0.04703,0.063778,0.31604,1.0691,0.19223,0.30316,0.40897,3.6006,2.6296,3.4833,0,66.802,0.43686,0.19841,15.849,0.36304,1.4505,5.6598,0.19011,0.25447,0.18062,4.6224,0.1772,1.4834,1.5273,0.44646,0.40688,0.22675,0.91548,0,0,6.882,3.6412,3.5637,0.84194,0,1.781,0,1.202e-11,0,10.311,0,0,0.8024,1.0791,0.79305,0,2.7558,1.7418,0.75688,0,0,9.5193,0.061538,33.226,2.3194,4.1803,0.080203,0,2.5498,4.8629,0.31039,0.0071513,0.046307,0.061359,0.20782,5.3294,9.9358,4.532,11.129,9.7184,10.296,11.774,10.506,0,9.8333,1.4528,124.08,5.3881,0,0,2.2876,0.24471,0.90847,0.16324,0.73415,0,0,0,0,0,1.3801,0.85751,0.41427,0,0,5.5413,0.77125,1.3829,1.5778,1792
2.7259,42.045,58.307,11.092,0,0,61.633,17.513,0,104.8,23.913,0,0,0,4.0002,1.7856,10.642,12.525,38.857,16.974,4.4121,2.6055,6.2459,0,6.8587,17.799,3.9187,9.8974,54.779,17.996,8.2415,2.3994,0,0,0,5.162,0.70034,0.92458,1.849,0.45052,0.49355,0.14148,0.16111,27.726,0,1.3031,0.29285,0.9175,0.34815,13.814,0.17102,1.8155,1.8862,2.471,1.2478,0.80462,1.086,7.6522,0.90169,3.1278,0,0.14993,0.41046,1.0075,6.8807,0.61283,0.96644,1.3038,11.479,8.3829,11.104,0,16.132,1.3927,0.63251,136.25,1.1574,4.624,18.043,0.60605,0.81123,0.57581,0.89304,0.56489,4.7291,4.869,1.4233,1.2971,0.72286,2.9185,0,0,21.939,59.047,22.935,1.7906,0,28.882,0,1.202e-11,0,21.929,0,63.152,5.1641,2.2951,5.1039,0,17.736,7.7649,3.3742,0,0,49.562,0.13088,172.99,2.2628,8.8906,0.17057,0,0.98578,6.5735,0.98949,0.022798,0.39809,0.52749,0.28093,2.0604,31.675,14.448,35.48,30.982,32.823,37.535,33.494,0,1.8998,6.4764,227.17,194.13,0,0,37.097,3.9683,4.7299,0.52039,2.3404,0,0,0,0,2.6247,7.1853,13.906,6.7179,0,0,1.0706,2.4587,1.8693,25.586,2862.4
8.8196,136.03,188.65,35.351,0,0,96.819,88.745,0,282.34,144.9,0,0,0,11.88,5.7773,50.636,59.595,184.89,43.18,26.735,15.788,37.847,0,41.56,47.951,10.557,59.973,139.35,109.05,49.939,14.539,2.0558,0.40575,0.45354,14.125,1.9164,2.53,0.87435,0.21304,0.21662,0.062095,0.07071,12.169,0,4.2162,0.13848,0.43387,0.1528,29.006,0.075063,0.79681,0.82787,7.9947,4.0373,2.6033,3.5136,38.777,2.9174,10.12,0,0.48509,2.4872,3.2597,41.693,1.9828,3.1269,4.2183,37.138,27.123,35.928,0,71.586,4.5059,2.0465,64.43,3.7446,14.961,58.377,1.9608,2.6247,1.863,0,1.8277,15.301,15.754,4.605,4.1967,2.3388,9.4426,0,0,70.984,280.96,138.97,3.009,0,137.43,0,1.202e-11,0,36.85,0,0,31.292,3.8567,30.927,0,107.47,24.747,10.754,0,0,77.857,0.21993,271.75,3.8468,14.94,0.28663,0,2.6974,2.8851,3.2014,0.073762,0.18825,0.24944,0.1233,5.6381,102.48,46.745,114.79,100.24,106.2,121.44,108.37,0,0,20.641,56.724,407.63,0,0,176.52,18.882,7.4302,1.6837,7.5723,0,0,0,0,13.3,11.287,66.167,31.966,0,0,0,7.955,0.82044,121.74,2622.1
23.109,356.43,494.29,32.216,0,0,74.961,205.23,0,474.71,125.37,0,0,0,38.836,15.137,116.04,136.57,423.7,71.574,23.131,13.66,32.745,0,35.959,80.622,17.75,51.89,230.99,94.35,43.208,12.579,39.919,36.226,14.784,105.12,14.262,18.829,19.312,4.7056,7.2489,2.0779,2.3662,407.22,0,11.047,3.0588,9.5831,5.1133,62.192,2.5119,26.664,27.704,20.947,10.578,6.821,9.2061,89.677,7.644,26.515,172.93,1.271,2.152,8.541,36.074,5.1952,8.1929,11.052,97.308,71.065,94.137,0,634.58,11.806,5.362,1423.1,9.8113,39.2,152.96,5.1377,6.8771,4.8813,0,4.7887,40.09,41.276,12.066,10.996,6.128,24.741,0,0,185.99,643.86,120.24,4.6926,0,314.93,0,17.962,0,57.469,0,0,27.074,6.0147,26.759,0,92.986,22.553,9.8001,0,0,60.28,0.34299,210.4,2.6588,23.299,0.44702,0,20.075,96.547,8.3882,0.19327,4.158,5.5095,4.126,41.96,268.52,122.48,300.77,262.64,278.25,318.2,283.94,14.106,0,18.81,125.79,874.01,0,0,404.51,43.271,5.7528,4.4115,19.84,0,0,0,0,30.759,8.7391,151.63,73.254,0,0,0,20.843,27.455,278.99,3132.7
45.993,709.4,983.79,45.247,0,0,134.9,342.66,0,990.97,253.15,0,0,0,114.87,30.128,193.2,227.38,705.45,147.78,46.707,27.582,66.12,0,72.609,168.3,37.054,104.78,476.91,190.51,87.247,25.401,99.729,92.81,37.42,248.86,33.764,44.575,66.665,16.244,16.089,4.6119,5.2517,903.81,329.15,21.987,10.559,33.081,11.349,138.05,5.5751,59.18,61.487,41.691,21.054,13.576,18.323,149.73,15.214,52.774,1099.2,2.5297,4.3453,16.999,72.841,10.34,16.306,21.998,193.67,141.44,187.36,0,1523.9,23.498,10.672,4912.5,19.528,78.02,304.43,10.226,13.688,9.7154,0,9.5311,79.792,82.153,24.014,21.885,12.197,49.242,4.8407,36.014,370.17,1072,242.8,13.712,0,524.35,0,114.17,0,167.93,0,0,54.669,17.576,54.032,0,187.76,31.675,13.764,0,0,108.48,1.0022,378.63,6.845,68.083,1.3062,0,47.525,214.28,16.695,0.38466,14.353,19.019,9.1576,99.335,534.43,243.77,598.63,522.74,553.81,633.31,565.12,89.662,0,26.419,0,1940,0,0,673.5,72.045,10.353,8.7803,39.489,0,0,0,0,51.356,15.727,252.46,121.96,0,0,0,41.484,60.935,464.51,3355.8
56.919,877.93,1217.5,36.156,0,0,99.587,153.89,0,373.8,399.19,0,0,0,93.994,37.285,87.212,102.64,318.44,56.679,73.652,43.494,104.26,0,114.5,63.484,13.977,165.22,182.92,300.42,137.58,40.054,56.484,51.897,21.053,144.93,19.663,25.959,26.734,6.514,12.927,3.7055,4.2196,726.18,329.15,27.21,4.2342,13.266,9.1184,163.57,4.4794,47.549,49.403,51.596,26.056,16.801,22.676,67.241,18.828,65.311,1161.6,3.1306,6.8521,21.038,114.86,12.796,20.18,27.224,239.68,175.04,231.87,0,880.88,29.08,13.207,1970,24.167,96.554,376.75,12.655,16.939,12.023,25.791,11.795,98.747,101.67,29.719,27.084,15.094,60.94,4.8407,36.014,458.11,483.9,382.87,20.44,0,236.69,0,120.65,0,250.33,0,0,86.207,26.2,85.202,0,296.08,25.311,10.999,0,0,80.083,1.494,279.52,3.6488,101.49,1.9472,0,27.677,172.17,20.661,0.47604,5.7559,7.6268,7.3578,57.85,661.39,301.68,740.85,646.92,685.37,783.76,699.38,94.752,54.866,21.111,0,2298.7,0,0,304.02,32.521,7.6427,10.866,48.87,0,0,0,0,23.063,11.61,113.96,55.055,0,0,30.918,51.339,48.959,209.68,3415.5
35.524,547.93,759.86,38.01,0,0,95.476,47.087,0,234.69,275.92,0,0,0,39.346,23.27,27.247,32.067,99.487,36.146,50.908,30.063,72.068,0,79.14,39.859,8.7755,114.2,116.65,207.65,95.095,27.685,19.568,16.973,7.0811,56.211,7.6262,10.068,8.8784,2.1633,2.0628,0.5913,0.67334,115.88,169.02,16.982,1.4062,4.4056,1.4551,92.533,0.71479,7.5877,7.8834,32.202,16.262,10.486,14.152,20.575,11.751,40.761,565.19,1.9539,4.7361,13.13,79.393,7.9864,12.595,16.991,149.59,109.25,144.71,0,331.97,18.149,8.2429,654.24,15.083,60.261,235.14,7.898,10.572,7.5039,40.533,7.3616,61.63,63.453,18.548,16.904,9.4204,38.034,2.4857,18.493,285.91,151.18,264.64,15.273,0,73.947,0,58.705,0,187.04,0,0,59.586,19.576,58.892,0,204.65,26.609,11.563,0,0,76.777,1.1163,267.98,6.5056,75.831,1.4549,0,10.735,27.474,12.895,0.2971,1.9116,2.5329,1.1741,22.437,412.78,188.28,462.37,403.75,427.75,489.16,436.49,46.102,86.225,22.193,0,1300.4,0,0,94.981,10.16,7.3272,6.7818,30.5,0,0,0,0,7.057,11.131,35.603,17.2,0,0,48.59,32.042,7.8127,65.508,3124.8
9.3913,144.85,200.88,14.38,0,0,46.58,0,0,97.942,113.67,0,0,0,13.856,6.1518,0,4.1231e-11,1.2738e-09,15.962,20.973,12.385,29.69,0,32.603,16.634,3.6622,47.047,51.512,85.545,39.176,11.406,3.6915,1.9532,1.0726,18.056,2.4497,3.2341,2.4812,0.60457,1.6485,0.47254,0.5381,92.606,48.927,4.4895,0.39299,1.2312,1.1628,67.79,0.57123,6.0637,6.3001,8.513,4.299,2.7721,3.7414,0,3.1065,10.776,33.743,0.51654,1.9511,3.4711,32.707,2.1113,3.3296,4.4917,39.546,28.881,38.257,0,95.907,4.798,2.1791,182.84,3.9873,15.931,62.161,2.088,2.7949,1.9838,16.996,1.9461,16.293,16.775,4.9035,4.4688,2.4904,10.055,0.71956,5.3533,75.585,0,109.02,13.95,0,5.1792e-10,0,3.5048,0,170.84,0,188.77,24.548,17.88,24.261,0,84.308,10.067,4.3744,0,0,37.457,1.0196,130.74,3.9599,69.263,1.3289,0,3.4481,21.956,3.409,0.078543,0.53422,0.70786,0.9383,7.2072,109.13,49.775,122.23,106.74,113.08,129.32,115.39,2.7524,36.155,8.3963,0,952.67,0,0,7.5919e-10,1.1569e-10,3.5747,1.7929,8.0632,0,0,0,0,0,5.4304,0,5.5853e-11,0,0,20.374,8.4707,6.2435,7.2884e-11,3143.4
3.1261,48.217,66.867,6.3474,0,0,23.126,0,0,15.752,44.534,0,0,0,8.3997,2.0478,0.21993,0.25884,0.80304,3.83,8.2167,4.8522,11.632,0,12.773,2.6752,0.589,18.432,12.36,33.515,15.349,4.4685,0.33838,0,0,9.9976,1.3564,1.7907,1.6335,0.39801,0.47541,0.13628,0.15519,26.707,4.4479,1.4944,0.25872,0.81057,0.33535,3.3388,0.16474,1.7487,1.8169,2.8337,1.431,0.92274,1.2454,0,1.0341,3.587,0,0.17194,0.76442,1.1554,12.814,0.7028,1.1083,1.4952,13.164,9.6136,12.735,0,46.05,1.5971,0.72537,120.37,1.3273,5.3029,20.692,0.69502,0.93032,0.66034,12.994,0.64782,5.4233,5.5838,1.6322,1.4875,0.82898,3.3469,0.065414,0.48666,25.16,1.2203,42.713,7.4254,0,0.59689,0,1.202e-11,0,90.937,0,394.69,9.6173,9.5175,9.5052,0,33.031,4.4435,1.9309,0,0,18.597,0.54273,64.911,1.4991,36.868,0.70735,0,1.9092,6.3319,1.1348,0.026145,0.3517,0.46601,0.2706,3.9906,36.325,16.569,40.688,35.53,37.641,43.045,38.411,0,27.642,3.7061,43.927,46.921,0,0,0.76667,0.082012,1.7748,0.59679,2.684,0,0,0,0,0,2.6961,0.28738,0.13884,0,0,15.577,2.8196,1.8006,0.52877,2585
1.7031,26.269,36.429,1.6147,0,0,10.182,0,0,7.7699,17.686,0,0,0,4.0563,1.1156,0.21283,0.25048,0.77711,2.6518,3.2631,1.927,4.6194,0,5.0727,1.3196,0.29053,7.3201,8.5581,13.31,6.0954,1.7746,0,0,0,8.9106,1.2089,1.596,1.64,0.3996,0.50476,0.14469,0.16477,28.356,0,0.81416,0.25975,0.8138,0.35606,2.9581,0.17491,1.8567,1.9291,1.5438,0.77962,0.50271,0.67848,0,0.56336,1.9542,0,0.093672,0.30358,0.62947,5.0889,0.38288,0.60381,0.81456,7.1716,5.2375,6.9379,0,39.325,0.87011,0.39518,120.85,0.72309,2.889,11.273,0.37865,0.50684,0.35975,9.2637,0.35293,2.9546,3.0421,0.88924,0.8104,0.45163,1.8234,0,0,13.707,1.1809,16.963,5.8728,0,0.57761,0,1.202e-11,0,71.923,0,0,3.8194,7.5275,3.7749,0,13.118,1.1304,0.49119,0,0,8.1882,0.42925,28.58,1.3011,29.159,0.55945,0,1.7017,6.7229,0.61821,0.014244,0.3531,0.46787,0.28731,3.5567,19.79,9.0266,22.167,19.357,20.507,23.451,20.926,0,19.707,0.9428,72.39,41.571,0,0,0.74192,0.079364,0.78144,0.32513,1.4622,0,0,0,0,0,1.1871,0.2781,0.13435,0,0,11.105,1.5361,1.9118,0.5117,1720
1.1563,17.835,24.734,0.25656,0,0,2.4194,0,0,6.1764,5.7771,0,0,0,2.1641,0.75746,0,4.1231e-11,1.2738e-09,2.4166,1.0659,0.62945,1.5089,0,1.657,1.049,0.23095,2.3911,7.799,4.3477,1.9911,0.57967,0,0,0,4.1799,0.5671,0.74868,1.3354,0.32538,0.30609,0.087741,0.099915,17.195,0,0.55278,0.2115,0.66264,0.21591,0.36478,0.10607,1.1259,1.1698,1.0482,0.52933,0.34132,0.46067,0,0.3825,1.3268,0,0.0636,0.099163,0.42739,1.6623,0.25996,0.40997,0.55306,4.8692,3.5561,4.7106,0,10.056,0.59077,0.26831,98.403,0.49095,1.9615,7.6538,0.25709,0.34413,0.24426,6.3979,0.23963,2.0061,2.0655,0.60376,0.55023,0.30664,1.238,0,0,9.3067,0,5.5409,2.7985,0,5.1792e-10,0,1.202e-11,0,34.273,0,0,1.2476,3.587,1.2331,0,4.2848,0.1796,0.078046,0,0,1.9456,0.20455,6.7908,1.2163,13.895,0.26659,0,0.79823,4.0767,0.41974,0.0096709,0.28751,0.38096,0.17422,1.6684,13.436,6.1287,15.051,13.142,13.924,15.922,14.208,0,13.61,0.1498,52.752,5.1263,0,0,7.5919e-10,1.1569e-10,0.18568,0.22075,0.9928,0,0,0,0,0,0.28206,0,5.5853e-11,0,0,7.6698,1.043,1.1593,7.2884e-11,924
1.0301,15.888,22.034,3.2723,0,0,35.422,0,0,20.562,22.277,0,0,0,2.0103,0.67478,0,4.1231e-11,1.2738e-09,4.54,4.1102,2.4272,5.8185,0,6.3895,3.4921,0.76885,9.2203,14.652,16.765,7.6777,2.2352,0.6805,0,0,10.82,1.4679,1.938,0.88317,0.21519,0.23956,0.068672,0.0782,13.458,0,0.49244,0.13988,0.43825,0.16899,0.3109,0.083014,0.88121,0.91556,0.93376,0.47155,0.30406,0.41038,0,0.34075,1.182,0,0.056657,0.38238,0.38073,6.4099,0.23159,0.36521,0.49268,4.3377,3.1679,4.1963,0,51.137,0.52628,0.23902,65.08,0.43736,1.7474,6.8183,0.22902,0.30656,0.2176,6.9387,0.21347,1.7871,1.84,0.53785,0.49017,0.27317,1.1029,0,0,8.2908,0,21.366,4.5158,0,5.1792e-10,0,1.202e-11,0,55.304,0,0,4.8108,5.7881,4.7548,0,16.523,2.2908,0.99543,0,0,28.485,0.33006,99.422,1.7254,22.422,0.43018,0,2.0663,3.1907,0.37392,0.0086152,0.19015,0.25195,0.13636,4.3188,11.97,5.4597,13.408,11.708,12.404,14.184,12.657,0,14.761,1.9106,49.033,4.3692,0,0,7.5919e-10,1.1569e-10,2.7184,0.19665,0.88443,0,0,0,0,0,4.1296,0,5.5853e-11,0,0,8.3181,0.92913,0.90734,7.2884e-11,1340
0.41131,6.3441,8.7979,3.4629,0,0,25.775,0,0,43.095,8.0152,0,0,0,3.5485,0.26943,0,4.1231e-11,1.2738e-09,7.8659,1.4788,0.8733,2.0935,0,2.2989,7.319,1.6114,3.3174,25.385,6.032,2.7624,0.80424,0,0,0,8.3667,1.1351,1.4986,1.4294,0.34828,0.36965,0.10596,0.12066,20.766,0,0.19663,0.22639,0.70929,0.26075,0.52993,0.12809,1.3597,1.4127,0.37284,0.18828,0.12141,0.16386,0,0.13606,0.47195,0,0.022623,0.13758,0.15202,2.3063,0.092469,0.14583,0.19672,1.732,1.2649,1.6755,0,35.96,0.21014,0.095439,105.33,0.17463,0.69772,2.7225,0.091446,0.12241,0.086883,4.6224,0.085235,0.71357,0.73468,0.21476,0.19572,0.10907,0.44036,0,0,3.3104,0,7.6874,1.9376,0,5.1792e-10,0,1.202e-11,0,23.729,0,0,1.7309,2.4835,1.7107,0,5.9448,2.4242,1.0534,0,0,20.727,0.14162,72.346,8.2875,9.6203,0.18457,0,1.5978,4.9234,0.1493,0.00344,0.30775,0.40778,0.21041,3.3396,4.7794,2.18,5.3535,4.6748,4.9526,5.6636,5.0538,0,9.8333,2.0219,22.378,7.4472,0,0,7.5919e-10,1.1569e-10,1.9781,0.078521,0.35314,0,0,0,0,0,3.0049,0,5.5853e-11,0,0,5.5413,0.37099,1.4001,7.2884e-11,1520
0.54334,8.3805,11.622,15.348,0,0,59.135,10.531,0,118.73,23.922,0,0,0,4.2392,0.35592,6.7221,7.9113,24.545,19.03,4.4137,2.6064,6.2482,0,6.8613,20.165,4.4396,9.9011,61.415,18.003,8.2446,2.4003,1.8467,0.20793,0.37441,13.622,1.8482,2.44,3.023,0.73657,0.66324,0.19012,0.2165,37.259,0,0.25974,0.47879,1.5001,0.46785,10.277,0.22983,2.4397,2.5348,0.49252,0.24872,0.16038,0.21646,4.6017,0.17973,0.62344,0,0.029884,0.41062,0.20082,6.8833,0.12215,0.19264,0.25987,2.288,1.6709,2.2134,0,68.477,0.27759,0.12608,222.76,0.23069,0.92168,3.5964,0.1208,0.1617,0.11477,0.89304,0.1126,0.94262,0.97051,0.28369,0.25854,0.14408,0.58172,0,0,4.373,37.298,22.944,1.2131,0,18.244,0,1.202e-11,0,14.857,0,0,5.1661,1.5549,5.1059,0,17.743,10.744,4.6689,0,0,47.554,0.088669,165.98,3.2528,6.0234,0.11556,0,2.6015,8.8337,0.19723,0.0045442,0.65086,0.86241,0.37752,5.4375,6.3135,2.8798,7.072,6.1754,6.5424,7.4816,6.6761,0,1.8998,8.9615,0,144.43,0,0,23.433,2.5067,4.5383,0.10373,0.4665,0,0,0,0,1.5784,6.8941,8.7838,4.2435,0,0,1.0706,0.49007,2.512,16.162,1410
6.9939,107.87,149.6,30.324,0,0,91.721,52.277,0,257.19,126.85,0,0,0,13.261,4.5814,30.161,35.497,110.13,39.467,23.404,13.821,33.132,0,36.383,43.68,9.6168,52.502,127.37,95.463,43.718,12.728,8.5407,6.5408,2.9078,29.71,4.0308,5.3215,2.9941,0.72953,0.64395,0.18459,0.2102,36.175,0,3.3434,0.47421,1.4857,0.45424,36.483,0.22314,2.3687,2.461,6.3398,3.2016,2.0644,2.7863,22.843,2.3135,8.025,0,0.38468,2.1774,2.585,36.5,1.5724,2.4796,3.3451,29.451,21.508,28.491,0,168.01,3.5732,1.6229,220.63,2.9695,11.864,46.293,1.555,2.0814,1.4774,0,1.4493,12.134,12.493,3.6518,3.328,1.8547,7.488,0,0,56.29,167.35,121.66,2.7428,0,81.856,0,1.202e-11,0,33.591,0,0,27.394,3.5156,27.075,0,94.084,21.228,9.2246,0,0,73.757,0.20048,257.44,5.9399,13.619,0.26128,0,5.6737,8.5767,2.5388,0.058493,0.64463,0.85416,0.36653,11.859,81.268,37.069,91.031,79.49,84.214,96.305,85.936,0,0,17.706,0,512.71,0,0,105.14,11.247,7.039,1.3352,6.0048,0,0,0,0,7.8349,10.693,39.411,19.04,0,0,0,6.3083,2.4389,72.515,1690
19.152,295.4,409.66,37.378,0,0,78.681,161.03,0,353.21,152.89,0,0,0,38.76,12.546,91.22,107.36,333.07,53.64,28.209,16.658,39.933,0,43.852,59.987,13.207,63.28,173.11,115.06,52.693,15.341,56.23,51.657,20.957,144.32,19.58,25.85,23.048,5.6159,6.8024,1.9499,2.2205,382.14,36.473,9.1555,3.6505,11.437,4.7984,100.94,2.3572,25.022,25.997,17.361,8.7671,5.6532,7.6299,70.361,6.3352,21.976,238.73,1.0534,2.6243,7.0786,43.992,4.3057,6.7901,9.1601,80.647,58.898,78.019,0,877.11,9.7848,4.444,1698.4,8.1315,32.488,126.77,4.258,5.6996,4.0456,0,3.9688,33.226,34.209,9.9999,9.1133,5.0788,20.505,0.5364,3.9907,154.14,506.14,146.64,5.1426,0,247.57,0,24.796,0,62.98,0,0,33.017,6.5915,32.633,0,113.4,26.166,11.37,0,0,63.271,0.37588,220.84,6.5338,25.534,0.48988,0,27.561,90.601,6.9521,0.16018,4.9624,6.5753,3.8719,57.607,222.54,101.51,249.28,217.67,230.61,263.72,235.32,19.473,0,21.824,0,1418.5,0,0,317.99,34.016,6.0382,3.6562,16.443,0,0,0,0,24.133,9.1727,119.2,57.585,0,0,0,17.274,25.764,219.32,2210
47.85,738.03,1023.5,39.868,0,0,115.38,313.23,0,452.06,388.23,0,0,0,122.05,31.344,176.68,207.93,645.1,68.231,71.63,42.3,101.4,0,111.35,76.776,16.903,160.69,220.2,292.17,133.8,38.955,82.492,76.503,30.896,207.44,28.143,37.155,91.053,22.186,13.276,3.8058,4.3338,745.83,366.51,22.874,14.421,45.182,9.3651,153.75,4.6006,48.836,50.74,43.374,21.904,14.124,19.063,136.87,15.828,54.904,929.61,2.6318,6.6639,17.685,111.71,10.757,16.965,22.886,201.49,147.15,194.92,0,1267.6,24.446,11.103,6709.6,20.316,81.169,316.72,10.638,14.24,10.108,0,9.9158,83.012,85.469,24.984,22.769,12.689,51.23,5.3902,40.101,385.11,980.3,372.35,14.013,0,479.49,0,96.557,0,171.62,0,0,83.84,17.962,82.863,0,287.95,27.909,12.128,0,0,92.781,1.0243,323.84,5.1479,69.579,1.3349,0,39.614,176.83,17.369,0.40019,19.604,25.976,7.5569,82.799,556,253.61,622.8,543.84,576.16,658.88,587.93,75.828,0,23.278,0,2160.7,0,0,615.89,65.882,8.8545,9.1348,41.082,0,0,0,0,46.944,13.451,230.86,111.53,0,0,0,43.159,50.284,424.78,1640
56.676,874.18,1212.3,38.049,0,0,98.957,132.58,0,387.08,356.46,0,0,0,87.59,37.126,75.25,88.563,274.76,58.64,65.768,38.838,93.104,0,102.24,65.74,14.474,147.54,189.25,268.26,122.85,35.767,45.563,41.566,16.92,118.69,16.102,21.258,20.002,4.8736,7.2934,2.0907,2.3807,409.72,329.15,27.094,3.1679,9.9252,5.1447,271.15,2.5273,26.828,27.874,51.375,25.944,16.729,22.579,57.932,18.748,65.032,1036.7,3.1173,6.1186,20.948,102.57,12.742,20.094,27.107,238.66,174.29,230.88,0,718.5,28.956,13.151,1473.9,24.063,96.142,375.14,12.601,16.867,11.972,25.791,11.745,98.325,101.24,29.592,26.969,15.029,60.68,4.8407,36.014,456.15,417.53,341.88,20.943,0,204.23,0,107.68,0,256.48,0,0,76.979,26.843,76.082,0,264.38,26.636,11.575,0,0,79.576,1.5307,277.75,12.219,103.98,1.995,0,22.665,97.14,20.573,0.47401,4.3064,5.7062,4.1514,47.374,658.57,300.39,737.68,644.16,682.44,780.41,696.39,84.563,54.866,22.216,0,3810.6,0,0,262.32,28.061,7.5943,10.82,48.661,0,0,0,0,19.87,11.537,98.329,47.503,0,0,30.918,51.12,27.623,180.92,1988
17.807,274.66,380.89,21.501,0,0,55.081,15.791,0,184,158.79,0,0,0,28.563,11.665,9.6751,11.387,35.327,28.664,29.297,17.301,41.474,0,45.544,31.25,6.8801,65.722,92.507,119.5,54.726,15.933,10.58,8.4705,3.6798,34.612,4.6959,6.1995,3.9596,0.96479,1.1067,0.31725,0.36126,62.172,171.69,8.5126,0.62714,1.9648,0.78067,262.68,0.3835,4.0709,4.2296,16.141,8.1514,5.2561,7.094,6.8998,5.8903,20.432,210.05,0.97941,2.7256,6.5815,45.69,4.0033,6.3133,8.5168,74.984,54.761,72.54,0,198.34,9.0976,4.1319,291.78,7.5604,30.206,117.86,3.959,5.2993,3.7615,40.533,3.6901,30.893,31.807,9.2976,8.4733,4.7221,19.065,2.525,18.785,143.32,53.683,152.3,9.1134,0,26.258,0,21.817,0,111.61,0,41.408,34.291,11.681,33.892,0,117.77,15.052,6.5406,0,0,44.293,0.66611,154.6,13.86,45.249,0.86815,0,6.6099,14.74,6.4638,0.14893,0.85252,1.1296,0.62994,13.816,206.91,94.379,231.77,202.39,214.41,245.2,218.8,17.134,86.225,12.554,0,3691.5,0,0,33.727,3.6078,4.2271,3.3995,15.289,0,0,0,0,2.3666,6.4214,12.642,6.1077,0,0,48.59,16.061,4.1917,23.262,2032
6.6531,102.62,142.31,8.4294,0,0,28.392,5.9871,0,30.811,31.797,0,0,0,14.287,4.3582,4.1706,4.9085,15.228,6.0528,5.8667,3.4645,8.3051,0,9.12,5.2328,1.1521,13.161,19.534,23.929,10.959,3.1905,1.3429,0,0.18374,12.412,1.6839,2.2231,2.2576,0.55008,0.76273,0.21864,0.24898,42.848,15.123,3.1805,0.35757,1.1203,0.53803,133.98,0.2643,2.8056,2.915,6.0309,3.0456,1.9638,2.6505,2.6161,2.2008,7.634,31.212,0.36593,0.54579,2.459,9.1492,1.4957,2.3588,3.1821,28.016,20.46,27.103,0,60.986,3.3991,1.5438,166.36,2.8248,11.286,44.037,1.4792,1.98,1.4054,16.996,1.3787,11.542,11.884,3.4738,3.1658,1.7643,7.1231,0.22241,1.6547,53.547,23.141,30.497,7.2239,0,11.319,0,3.2419,0,88.47,0,1323.1,6.8667,9.2593,6.7867,0,23.584,5.901,2.5642,0,0,22.831,0.528,79.69,12.304,35.868,0.68816,0,2.3703,10.159,2.415,0.055643,0.48607,0.64406,0.43415,4.9542,77.308,35.262,86.595,75.617,80.111,91.612,81.748,2.546,36.155,4.9218,0,1882.9,0,0,14.539,1.5552,2.1789,1.2701,5.7122,0,0,0,0,0.89729,3.31,5.4498,2.6328,0,0,20.374,6.0009,2.8888,10.027,2159
6.9939,107.87,149.6,9.7435,0,0,38.065,6.0584,0,28.456,78.232,0,0,0,17.05,4.5814,4.2106,4.9555,15.374,5.7052,14.434,8.5238,20.433,0,22.439,4.8328,1.064,32.38,18.412,58.875,26.962,7.8497,1.6011,0,0.28145,13.032,1.7681,2.3342,1.4564,0.35486,3.8103,1.0922,1.2438,214.05,0,3.3434,0.23067,0.72269,2.6878,30.393,1.3203,14.016,14.562,6.3398,3.2016,2.0644,2.7863,2.6472,2.3135,8.025,0,0.38468,1.3428,2.585,22.51,1.5724,2.4796,3.3451,29.451,21.508,28.491,0,64.825,3.5732,1.6229,107.32,2.9695,11.864,46.293,1.555,2.0814,1.4774,12.994,1.4493,12.134,12.493,3.6518,3.328,1.8547,7.488,0,0,56.29,23.363,75.033,17.257,0,11.428,0,1.202e-11,0,211.34,0,1570,16.895,22.119,16.698,0,58.024,6.8209,2.964,0,0,30.61,1.2613,106.84,5.9964,85.682,1.6439,0,2.4888,50.749,2.5388,0.058493,0.31357,0.41549,2.1688,5.2019,81.268,37.069,91.031,79.49,84.214,96.305,85.936,0,27.642,5.6891,0,427.12,0,0,14.678,1.5701,2.9212,1.3352,6.0048,0,0,0,0,0.90797,4.4377,5.502,2.6581,0,0,15.577,6.3083,14.431,10.123,1410
2.3416,36.116,50.086,3.8289,0,0,15.575,0,0,36.516,22.009,0,0,0,4.2261,1.5339,0,4.1231e-11,1.2738e-09,6.8949,4.0608,2.398,5.7485,0,6.3126,6.2017,1.3654,9.1093,22.252,16.563,7.5853,2.2084,0.707,0,0,10.883,1.4766,1.9494,1.1304,0.27544,1.2207,0.34991,0.39846,68.573,1.7792,1.1194,0.17904,0.56095,0.86105,4.4814,0.42299,4.4901,4.6651,2.1226,1.0719,0.69117,0.93284,0,0.77456,2.6868,0,0.12879,0.37778,0.86545,6.3328,0.52642,0.83018,1.1199,9.8601,7.201,9.5388,0,51.531,1.1963,0.54333,83.301,0.99417,3.9721,15.499,0.5206,0.69685,0.49462,9.2637,0.48524,4.0623,4.1825,1.2226,1.1142,0.62094,2.507,0.026166,0.19467,18.846,0,21.109,6.384,0,5.1792e-10,0,1.202e-11,0,78.184,0,598.16,4.7529,8.1827,4.6976,0,16.324,2.6804,1.1648,0,0,12.525,0.46662,43.716,1.2163,31.698,0.60815,0,2.0784,16.258,0.84997,0.019583,0.24339,0.3225,0.6948,4.3442,27.209,12.411,30.477,26.613,28.195,32.243,28.771,0,19.707,2.2356,250.43,62.978,0,0,7.5919e-10,1.1569e-10,1.1953,0.44702,2.0104,0,0,0,0,0,1.8158,0,5.5853e-11,0,0,11.105,2.112,4.6232,7.2884e-11,2000
2.0577,31.739,44.015,5.2593,0,0,16.007,0,0,26.119,21.775,0,0,0,4.3434,1.3479,0,4.1231e-11,1.2738e-09,5.3602,4.0176,2.3725,5.6874,0,6.2455,4.4359,0.97664,9.0125,17.299,16.387,7.5047,2.1849,2.3264,0.66177,0.55597,14.775,2.0046,2.6465,0.6093,0.14846,0.89812,0.25745,0.29317,50.454,0,0.9837,0.096504,0.30235,0.63353,0.9876,0.31122,3.3037,3.4324,1.8653,0.94196,0.60739,0.81977,0,0.68067,2.3611,0,0.11318,0.37377,0.76055,6.2655,0.46261,0.72955,0.98418,8.665,6.3281,8.3826,0,75.61,1.0513,0.47747,44.899,0.87367,3.4906,13.62,0.4575,0.61238,0.43467,6.3979,0.42642,3.5699,3.6755,1.0744,0.97916,0.54568,2.2031,0,0,16.562,0,20.885,7.375,0,5.1792e-10,0,1.202e-11,0,90.32,0,0,4.7024,9.4529,4.6476,0,16.15,3.6818,1.5999,0,0,12.872,0.53905,44.927,2.3477,36.618,0.70255,0,2.8216,11.962,0.74695,0.01721,0.13119,0.17382,0.51121,5.8977,23.911,10.906,26.783,23.387,24.777,28.335,25.284,0,13.61,3.0708,283.06,13.879,0,0,7.5919e-10,1.1569e-10,1.2284,0.39283,1.7667,0,0,0,0,0,1.8661,0,5.5853e-11,0,0,7.6698,1.856,3.4016,7.2884e-11,1783
0.10997,1.6962,2.3523,3.0921,0,0,33.066,0,0,29.394,14.571,0,0,0,8.3283,0.072038,0,4.1231e-11,1.2738e-09,5.8436,2.6884,1.5876,3.8058,0,4.1793,4.9921,1.0991,6.0308,18.859,10.966,5.0219,1.462,1.7484,0.11498,0.33722,13.386,1.8162,2.3977,5.5653,1.356,1.2155,0.34843,0.39678,68.284,0,0.052572,0.88145,2.7616,0.85742,0.28148,0.4212,4.4711,4.6454,0.099687,0.050342,0.032461,0.043811,0,0.036377,0.12619,0,0.0060486,0.25011,0.040646,4.1926,0.024724,0.038989,0.052598,0.46308,0.33819,0.44799,0,67.016,0.056185,0.025518,410.1,0.046692,0.18655,0.72791,0.02445,0.032728,0.02323,6.9387,0.022789,0.19079,0.19643,0.05742,0.052329,0.029163,0.11774,0,0,0.8851,0,13.975,3.7387,0,5.1792e-10,0,1.202e-11,0,45.787,0,0,3.1467,4.7921,3.11,0,10.807,2.1646,0.94062,0,0,26.59,0.27326,92.81,1.5274,18.563,0.35615,0,2.5564,16.189,0.039919,0.00091974,1.1982,1.5877,0.69187,5.3432,1.2779,0.58286,1.4314,1.2499,1.3242,1.5143,1.3512,0,14.761,1.8054,29.064,3.9557,0,0,7.5919e-10,1.1569e-10,2.5376,0.020994,0.094419,0,0,0,0,0,3.8549,0,5.5853e-11,0,0,8.3181,0.099191,4.6037,7.2884e-11,2060
1.9281,29.739,41.242,13.422,0,0,62.47,0,0,89.71,52.596,0,0,0,8.3793,1.263,0,4.1231e-11,1.2738e-09,14.747,9.7042,5.7306,13.738,0,15.086,15.236,3.3544,21.769,47.591,39.582,18.127,5.2774,0.08167,0,0,9.3806,1.2727,1.6802,2.3938,0.58328,1.1042,0.31652,0.36043,62.029,2.6688,0.92172,0.37915,1.1879,0.77888,0.69508,0.38262,4.0616,4.2199,1.7478,0.88262,0.56912,0.76813,0,0.63779,2.2124,0,0.10605,0.90281,0.71263,15.134,0.43347,0.68359,0.92218,8.1191,5.9294,7.8545,0,42.233,0.98507,0.44739,176.4,0.81863,3.2707,12.762,0.42867,0.5738,0.40728,4.6224,0.39956,3.345,3.444,1.0067,0.91747,0.5113,2.0643,0.039249,0.292,15.518,0,50.445,3.9491,0,5.1792e-10,0,1.202e-11,0,48.364,0,0,11.358,5.0618,11.226,0,39.01,9.396,4.083,0,0,50.235,0.28864,175.34,3.8468,19.608,0.3762,0,1.7914,14.706,0.69989,0.016125,0.5154,0.68293,0.62849,3.7443,22.404,10.219,25.096,21.914,23.216,26.549,23.691,0,9.8333,7.8369,19.751,9.7682,0,0,7.5919e-10,1.1569e-10,4.7942,0.36809,1.6554,0,0,0,0,0,7.2829,0,5.5853e-11,0,0,5.5413,1.7391,4.182,7.2884e-11,2159
1.744,26.899,37.303,18.526,0,0,70.868,31.323,0,206.78,36.903,0,0,0,3.1448,1.1424,18.396,21.65,67.169,32.027,6.8088,4.0208,9.6387,0,10.585,35.118,7.7319,15.274,103.36,27.772,12.719,3.7028,0,0,0,6.904,0.93668,1.2366,0.12446,0.030325,0.15022,0.043062,0.049036,8.439,0,0.83369,0.019712,0.061757,0.10597,14.66,0.052055,0.55257,0.57411,1.5808,0.79832,0.51477,0.69476,13.687,0.57687,2.0011,0,0.095919,0.63344,0.64457,10.618,0.39207,0.6183,0.8341,7.3436,5.3631,7.1043,0,26.91,0.89099,0.40466,9.171,0.74044,2.9583,11.543,0.38773,0.519,0.36838,0.89304,0.3614,3.0255,3.115,0.91057,0.82984,0.46246,1.8671,0,0,14.036,102.07,35.394,1.941,0,49.926,0,1.202e-11,0,23.771,0,0,7.9694,2.4879,7.8765,0,27.371,12.969,5.6356,0,0,56.988,0.14187,198.91,2.9134,9.6373,0.1849,0,1.3185,2.0008,0.63304,0.014585,0.026796,0.035505,0.085506,2.7558,20.264,9.2431,22.699,19.821,20.999,24.014,21.428,0,1.8998,10.817,83.538,206.02,0,0,64.127,6.8597,5.4386,0.33293,1.4973,0,0,0,0,4.6944,8.2619,24.038,11.613,0,0,1.0706,1.573,0.56896,44.228,2037
8.7326,134.69,186.79,35.932,0,0,88.29,138.35,0,224.58,207.95,0,0,0,11.559,5.7203,78.487,92.372,286.58,34.654,38.368,22.657,54.315,0,59.644,38.142,8.3975,86.069,111.84,156.5,71.669,20.865,6.9259,5.0131,2.2967,25.829,3.5043,4.6264,0.14059,0.034256,0.2472,0.070861,0.080693,13.887,0,4.1746,0.022267,0.069764,0.17437,38.911,0.085661,0.9093,0.94475,7.9158,3.9975,2.5776,3.4789,60.451,2.8886,10.02,0,0.4803,3.5694,3.2276,59.835,1.9632,3.0961,4.1767,36.772,26.855,35.574,0,144,4.4615,2.0263,10.36,3.7077,14.813,57.801,1.9415,2.5988,1.8446,0,1.8096,15.15,15.598,4.5596,4.1553,2.3157,9.3495,0,0,70.284,435.49,199.45,3.3748,0,213.01,0,1.202e-11,0,41.33,0,0,44.908,4.3256,44.384,0,154.24,25.154,10.931,0,0,70.998,0.24666,247.81,6.4773,16.756,0.32148,0,4.9326,3.2924,3.1699,0.073034,0.03027,0.040108,0.14071,10.31,101.47,46.284,113.66,99.251,105.15,120.25,107.3,0,0,20.98,0,546.83,0,0,273.6,29.268,6.7757,1.6671,7.4976,0,0,0,0,20.734,10.293,102.56,49.547,0,0,0,7.8765,0.93627,188.7,2144
24.28,374.49,519.34,34.731,0,0,88.76,266.96,0,424.43,208.79,0,0,0,50.544,15.904,150.7,177.36,550.24,64.153,38.523,22.749,54.534,0,59.885,72.083,15.87,86.417,207.04,157.13,71.959,20.95,74.919,69.338,28.03,189.24,25.674,33.895,28.403,6.9207,8.8299,2.5311,2.8823,496.04,122.76,11.607,4.4986,14.094,6.2286,101.21,3.0598,32.48,33.746,22.009,11.114,7.1667,9.6726,116.65,8.0314,27.859,385.51,1.3354,3.5839,8.9738,60.077,5.4585,8.6081,11.613,102.24,74.667,98.908,0,1155,12.404,5.6338,2093,10.309,41.186,160.71,5.3981,7.2256,5.1287,0,5.0314,42.122,43.368,12.677,11.553,6.4385,25.995,1.8054,13.432,195.41,836.15,200.25,5.2811,0,408.99,0,40.042,0,64.677,0,0,45.089,6.7691,44.564,0,154.86,24.313,10.565,0,0,71.376,0.386,249.13,4.8085,26.222,0.50308,0,36.138,117.61,8.8134,0.20306,6.1153,8.103,5.026,75.535,282.13,128.68,316.02,275.95,292.35,334.32,298.33,31.446,0,20.279,0,1422.4,0,0,525.32,56.194,6.8118,4.6351,20.846,0,0,0,0,40.009,10.348,196.92,95.131,0,0,0,21.899,33.443,362.31,2570
46.171,712.15,987.6,36.593,0,0,86.982,425.93,0,521.87,207.53,0,0,0,104.1,30.245,239.95,282.4,876.15,78.535,38.29,22.612,54.205,0,59.524,88.632,19.514,85.895,253.45,156.18,71.525,20.823,143.11,133.85,53.839,353.13,47.91,63.25,72.317,17.621,14.545,4.1694,4.7479,817.1,354.94,22.072,11.454,35.885,10.26,216.17,5.0402,53.503,55.588,41.853,21.136,13.629,18.394,186.11,15.273,52.978,1229.9,2.5395,3.5622,17.065,59.714,10.38,16.37,22.083,194.42,141.99,188.09,0,2169,23.589,10.713,5329,19.603,78.322,305.61,10.265,13.741,9.753,0,9.568,80.101,82.471,24.107,21.97,12.244,49.433,5.22,38.835,371.61,1331.4,199.04,9.7348,0,651.23,0,127.75,0,119.22,0,0,44.817,12.478,44.295,0,153.92,25.617,11.132,0,0,69.947,0.71153,244.14,13.351,48.335,0.92734,0,67.437,193.72,16.76,0.38615,15.57,20.631,8.279,140.95,536.5,244.71,600.95,524.76,555.95,635.76,567.31,100.32,0,21.366,0,3037.9,0,0,836.47,89.478,6.6753,8.8144,39.641,0,0,0,0,63.835,10.141,313.55,151.48,0,0,0,41.645,55.089,576.91,2604
49.154,758.15,1051.4,43.039,0,0,110.15,224.97,0,335.25,480.1,0,0,0,85.251,32.198,127.12,149.61,464.17,50.989,88.581,52.31,125.4,0,137.7,56.937,12.536,198.71,164.56,361.31,165.46,48.173,74.919,69.338,28.03,189.24,25.674,33.895,38.795,9.4528,11.754,3.3693,3.8367,660.29,311.35,23.498,6.1446,19.251,8.2911,296.16,4.0729,43.235,44.92,44.557,22.501,14.509,19.582,98.303,16.259,56.401,666.42,2.7035,8.2409,18.167,138.14,11.051,17.427,23.51,206.98,151.16,200.24,0,1155,25.113,11.406,2858.8,20.87,83.381,325.35,10.928,14.628,10.383,25.791,10.186,85.275,87.799,25.665,23.389,13.035,52.626,4.5789,34.066,395.61,705.36,460.47,22.789,0,345.01,0,69.22,0,279.09,0,0,103.68,29.21,102.47,0,356.09,30.129,13.092,0,0,88.578,1.6657,309.17,14.652,113.15,2.1709,0,36.138,156.55,17.843,0.41109,8.3528,11.068,6.6902,75.535,571.16,260.52,639.77,558.66,591.86,676.84,603.96,54.36,54.866,25.13,0,4162,0,0,443.15,47.405,8.4534,9.3838,42.202,0,0,0,0,33.717,12.842,166.11,80.251,0,0,30.918,44.335,44.517,305.64,2594.3
30.586,471.76,654.23,32.932,0,0,96.046,18.917,0,281.99,254.82,0,0,0,42.917,20.035,11.43,13.452,41.735,43.128,47.015,27.764,66.557,0,73.088,47.892,10.544,105.47,139.18,191.77,87.823,25.568,10.838,8.7142,3.7773,35.231,4.7799,6.3104,9.5332,2.3228,1.9989,0.57298,0.65248,112.29,75.615,14.621,1.5099,4.7305,1.41,246.55,0.69265,7.3526,7.6392,27.725,14.001,9.0281,12.185,8.2657,10.117,35.095,172.93,1.6823,4.374,11.305,73.321,6.8762,10.844,14.629,128.79,94.06,124.6,0,202.17,15.626,7.0971,702.49,12.986,51.884,202.45,6.8001,9.1023,6.4608,40.533,6.3383,53.062,54.633,15.97,14.554,8.1108,32.746,1.112,8.2734,246.17,63.421,244.4,23.071,0,31.021,0,17.962,0,282.54,0,0,55.029,29.571,54.388,0,189,23.054,10.018,0,0,77.235,1.6862,269.58,18.583,114.55,2.1977,0,6.7281,26.623,11.102,0.2558,2.0525,2.7197,1.1377,14.063,355.4,162.11,398.1,347.63,368.29,421.16,375.81,14.106,86.225,19.228,0,3464.9,0,0,39.845,4.2623,7.3709,5.839,26.26,0,0,0,0,2.8351,11.197,14.936,7.2156,0,0,48.59,27.587,7.5706,27.481,2306
9.3913,144.85,200.88,8.3395,0,0,36.993,9.4131,0,109.3,31.979,0,0,0,20.534,6.1518,6.0942,7.1723,22.252,17.638,5.9003,3.4843,8.3526,0,9.1722,18.563,4.0869,13.236,56.923,24.066,11.021,3.2087,2.6723,0.989,0.68687,15.607,2.1174,2.7954,3.7166,0.90557,0.51781,0.14843,0.16903,29.089,29.356,4.4895,0.58865,1.8442,0.36526,110.96,0.17943,1.9047,1.979,8.513,4.299,2.7721,3.7414,4.113,3.1065,10.776,66.642,0.51654,0.54892,3.4711,9.2016,2.1113,3.3296,4.4917,39.546,28.881,38.257,0,80.753,4.798,2.1791,273.87,3.9873,15.931,62.161,2.088,2.7949,1.9838,16.996,1.9461,16.293,16.775,4.9035,4.4688,2.4904,10.055,0.43173,3.212,75.585,33.814,30.671,12.999,0,16.539,0,6.922,0,159.19,0,1134.8,6.906,16.661,6.8255,0,23.719,5.838,2.5369,0,0,29.748,0.95007,103.83,10.522,64.54,1.2382,0,2.9804,6.8967,3.409,0.078543,0.80019,1.0603,0.29474,6.2295,109.13,49.775,122.23,106.74,113.08,129.32,115.39,5.436,36.155,4.8693,0,1559.4,0,0,21.244,2.2725,2.8389,1.7929,8.0632,0,0,0,0,1.4107,4.3127,7.9633,3.8471,0,0,20.374,8.4707,1.9612,14.652,2081
5.662,87.331,121.11,3.1789,0,0,20.524,0,0,31.468,25.401,0,0,0,12.168,3.7089,0.70944,0.83495,2.5904,6.1498,4.6866,2.7676,6.6345,0,7.2855,5.3444,1.1767,10.513,19.847,19.116,8.7544,2.5487,1.0683,0,0.079814,11.752,1.5944,2.1049,2.4435,0.59538,1.0611,0.30418,0.34638,59.611,0,2.7067,0.38701,1.2125,0.74852,31.719,0.3677,3.9032,4.0554,5.1324,2.5919,1.6713,2.2557,0,1.8729,6.4967,0,0.31142,0.43601,2.0927,7.3088,1.2729,2.0074,2.708,23.842,17.412,23.065,0,56.903,2.8927,1.3138,180.06,2.404,9.6046,37.477,1.2588,1.685,1.196,12.994,1.1733,9.8228,10.113,2.9563,2.6942,1.5015,6.062,0,0,45.57,3.9364,24.362,8.728,0,1.9254,0,1.202e-11,0,106.89,0,998.13,5.4855,11.187,5.4215,0,18.84,2.2254,0.96702,0,0,16.505,0.63794,57.607,5.7984,43.336,0.83143,0,2.2442,14.133,2.0553,0.047354,0.5261,0.6971,0.60399,4.6908,65.792,30.009,73.695,64.352,68.176,77.964,69.57,0,27.642,1.8561,0,445.75,0,0,2.4731,0.26455,1.5751,1.0809,4.8613,0,0,0,0,0,2.3927,0.92703,0.44785,0,0,15.577,5.1069,4.019,1.7057,1982
2.2702,35.015,48.559,3.7859,0,0,15.536,0,0,46.37,9.7733,0,0,0,5.0757,1.4871,0.081587,0.09602,0.2979,8.3494,1.8032,1.0649,2.5527,0,2.8032,7.8753,1.7339,4.0451,26.946,7.3551,3.3683,0.98064,6.2379,4.3622,2.0363,24.176,3.28,4.3302,0.82387,0.20074,1.2155,0.34843,0.39678,68.284,0,1.0853,0.13049,0.40882,0.85742,4.9536,0.4212,4.4711,4.6454,2.0578,1.0392,0.6701,0.9044,0,0.75094,2.6049,0,0.12486,0.16776,0.83907,2.8121,0.51037,0.80487,1.0858,9.5595,6.9814,9.248,0,133.77,1.1598,0.52677,60.71,0.96386,3.851,15.026,0.50473,0.6756,0.47954,9.2637,0.47045,3.9384,4.055,1.1853,1.0802,0.60201,2.4305,0,0,18.271,0.45269,9.3737,8.3067,0,0.22142,0,1.202e-11,0,101.73,0,715.74,2.1106,10.647,2.086,0,7.2488,2.6503,1.1517,0,0,12.493,0.60714,43.605,1.9234,41.244,0.7913,0,4.6168,16.189,0.82406,0.018986,0.17738,0.23504,0.69187,9.6499,26.379,12.032,29.548,25.802,27.335,31.26,27.894,0,19.707,2.2105,0,69.614,0,0,0.28441,0.030424,1.1923,0.43339,1.9491,0,0,0,0,0,1.8112,0.10661,0.051504,0,0,11.105,2.0476,4.6037,0.19616,2342.4
1.3015,20.074,27.838,4.1045,0,0,13.462,0,0,9.4462,23.791,0,0,0,1.8653,0.85252,0.12947,0.15238,0.47276,2.8992,4.3895,2.5922,6.214,0,6.8237,1.6043,0.35321,9.8469,9.3566,17.904,8.1995,2.3872,0.78064,0,0,11.06,1.5006,1.9811,0.94733,0.23083,0.43514,0.12474,0.14204,24.445,0,0.62216,0.15004,0.47009,0.30695,0.84735,0.15079,1.6006,1.663,1.1797,0.59576,0.38415,0.51848,0,0.4305,1.4933,9.2793,0.071582,0.40837,0.48102,6.8456,0.29259,0.46142,0.62246,5.4803,4.0023,5.3017,0,52.626,0.66491,0.30199,69.808,0.55257,2.2077,8.6143,0.28935,0.38731,0.27491,6.3979,0.2697,2.2578,2.3247,0.67953,0.61928,0.34512,1.3934,0,0,10.475,0.7184,22.818,6.9227,0,0.35139,0,0.96382,0,84.781,0,201.44,5.1378,8.8732,5.0779,0,17.646,2.8733,1.2486,0,0,10.826,0.50599,37.785,3.9316,34.372,0.65946,0,2.1122,5.7956,0.47242,0.010885,0.20396,0.27026,0.24768,4.4149,15.123,6.8978,16.939,14.792,15.671,17.921,15.991,0.75691,13.61,2.3966,4.2068,11.908,0,0,0.45135,0.048281,1.0331,0.24845,1.1174,0,0,0,0,0,1.5694,0.16918,0.081734,0,0,7.6698,1.1739,1.6481,0.31129,1660
0.90907,14.022,19.445,2.4109,0,0,21.6,0,0,0.73231,19.933,0,0,0,2.5597,0.59549,0,4.1231e-11,1.2738e-09,1.613,3.6777,2.1718,5.2063,0,5.7172,0.12437,0.027383,8.2501,5.2057,15.001,6.8698,2.0001,4.301,2.5298,1.3033,19.521,2.6484,3.4964,0.46506,0.11332,0.58632,0.16807,0.19139,32.938,0,0.43458,0.073659,0.23077,0.41359,0.62614,0.20317,2.1567,2.2408,0.82405,0.41614,0.26833,0.36216,0,0.30071,1.0431,0,0.05,0.34215,0.336,5.7355,0.20437,0.3223,0.43479,3.828,2.7956,3.7033,0,104.97,0.46445,0.21094,34.27,0.38597,1.5421,6.0172,0.20211,0.27054,0.19203,6.9387,0.18839,1.5771,1.6238,0.47466,0.43257,0.24107,0.97329,0,0,7.3166,0,19.118,3.7149,0,5.1792e-10,0,1.202e-11,0,45.496,0,0,4.3046,4.7616,4.2545,0,14.784,1.6877,0.7334,0,0,17.37,0.27153,60.626,1.7254,18.445,0.35389,0,3.7279,7.8092,0.32999,0.0076029,0.10013,0.13268,0.33373,7.7919,10.563,4.8182,11.832,10.332,10.946,12.518,11.17,0,14.761,1.4077,52.502,8.7994,0,0,7.5919e-10,1.1569e-10,1.6576,0.17355,0.78051,0,0,0,0,0,2.5181,0,5.5853e-11,0,0,8.3181,0.81995,2.2207,7.2884e-11,1914
0.22775,3.5129,4.8716,2.6077,0,0,10.982,0,0,16.932,7.8696,0,0,0,4.0855,0.14919,0,4.1231e-11,1.2738e-09,4.0042,1.452,0.85744,2.0555,0,2.2572,2.8756,0.63312,3.2572,12.923,5.9224,2.7122,0.78963,2.534,0.85819,0.63454,15.274,2.0723,2.7358,1.4537,0.3542,0.65059,0.18649,0.21237,36.548,0,0.10888,0.23024,0.72134,0.45892,0.44983,0.22544,2.3931,2.4864,0.20645,0.10426,0.067226,0.090733,0,0.075337,0.26133,0,0.012527,0.13508,0.084178,2.2644,0.051202,0.080747,0.10893,0.95904,0.7004,0.92779,0,78.697,0.11636,0.052847,107.12,0.096698,0.38634,1.5075,0.050636,0.067779,0.048109,4.6224,0.047197,0.39512,0.40681,0.11892,0.10837,0.060396,0.24384,0,0,1.833,0,7.5478,0.4047,0,5.1792e-10,0,1.202e-11,0,4.9563,0,0,1.6995,0.51873,1.6797,0,5.8368,1.8255,0.79326,0,0,8.8312,0.02958,30.824,1.9234,2.0094,0.038552,0,2.9169,8.6651,0.082673,0.0019048,0.31298,0.41471,0.37031,6.0968,2.6464,1.2071,2.9644,2.5885,2.7424,3.1361,2.7984,0,9.8333,1.5226,44.739,6.3216,0,0,7.5919e-10,1.1569e-10,0.8428,0.043479,0.19554,0,0,0,0,0,1.2803,0,5.5853e-11,0,0,5.5413,0.20542,2.4641,7.2884e-11,1720
1.0496,16.189,22.451,3.897,0,0,28,18.982,0,101.7,8.3593,0,0,0,3.4078,0.68755,11.467,13.495,41.868,16.516,1.5423,0.91079,2.1834,0,2.3976,17.272,3.8028,3.4598,53.302,6.2909,2.881,0.83876,0,0,0,5.561,0.75448,0.99606,2.0802,0.50686,0.26637,0.076357,0.086951,14.964,0,0.50176,0.32948,1.0323,0.1879,13.62,0.092304,0.97982,1.018,0.95144,0.48047,0.30982,0.41815,8.294,0.34719,1.2043,0,0.05773,0.14349,0.38794,2.4053,0.23597,0.37213,0.50201,4.4198,3.2278,4.2758,0,18.601,0.53624,0.24355,153.29,0.44564,1.7805,6.9474,0.23336,0.31236,0.22171,0.89304,0.21751,1.8209,1.8748,0.54803,0.49944,0.27834,1.1237,0,0,8.4477,63.623,8.0175,0.0046803,0,31.12,0,1.202e-11,0,0.057318,0,0,1.8052,0.0059989,1.7842,0,6.2,2.7281,1.1855,0,0,22.516,0.00034208,78.589,3.1962,0.023238,0.00044584,0,1.062,3.5478,0.381,0.0087783,0.44788,0.59346,0.15162,2.2197,12.196,5.563,13.661,11.929,12.638,14.453,12.897,0,1.8998,2.2754,0,191.41,0,0,39.972,4.2759,2.1488,0.20038,0.90117,0,0,0,0,2.8448,3.2642,14.983,7.2386,0,0,1.0706,0.94671,1.0089,27.569,2464
12.316,189.96,263.43,31.916,0,0,91.225,86.142,0,214.83,127.4,0,0,0,21.754,8.0674,49.175,57.874,179.55,33.215,23.506,13.881,33.276,0,36.541,36.486,8.0329,52.73,107.19,95.877,43.908,12.783,7.0288,5.1105,2.3357,26.076,3.5379,4.6707,5.1225,1.2481,1.4695,0.42124,0.47969,82.553,0,5.8874,0.81132,2.5419,1.0366,48.701,0.50922,5.4055,5.6162,11.164,5.6377,3.6352,4.9063,37.64,4.0738,14.131,0,0.67737,2.1868,4.5519,36.658,2.7687,4.3664,5.8903,51.86,37.874,50.17,0,145.53,6.292,2.8577,377.47,5.2289,20.891,81.517,2.7381,3.6651,2.6015,0,2.5521,21.366,21.998,6.4304,5.8603,3.2659,13.186,0,0,99.121,272.85,122.19,3.7376,0,133.46,0,1.202e-11,0,45.773,0,0,27.513,4.7906,27.192,0,94.492,22.343,9.7089,0,0,73.359,0.27318,256.05,2.5457,18.557,0.35604,0,4.9798,19.572,4.4705,0.103,1.1029,1.4614,0.83644,10.409,143.11,65.274,160.3,139.97,148.29,169.58,151.32,0,0,18.635,0,684.41,0,0,171.42,18.337,7.001,2.3511,10.574,0,0,0,0,12.91,10.635,64.257,31.043,0,0,0,11.108,5.5657,118.23,1964
22.455,346.35,480.32,28.137,0,0,67.066,239.06,0,337.66,150.84,0,0,0,49.474,14.709,135.03,158.92,493.04,51.345,27.831,16.435,39.398,0,43.264,57.347,12.626,62.431,165.7,113.52,51.987,15.135,45.24,41.26,16.797,117.91,15.997,21.119,16.694,4.0677,3.8728,1.1101,1.2642,217.56,96.965,10.735,2.6441,8.2841,2.7318,60.148,1.342,14.246,14.801,20.355,10.279,6.6282,8.9459,104.46,7.4279,25.766,299.47,1.2351,2.5892,8.2996,43.402,5.0483,7.9613,10.74,94.558,69.057,91.476,0,713.7,11.472,5.2105,1230.2,9.534,38.092,148.63,4.9925,6.6827,4.7434,0,4.6534,38.957,40.11,11.725,10.685,5.9548,24.042,1.426,10.609,180.73,749.23,144.67,4.6466,0,366.47,0,31.105,0,56.906,0,0,32.575,5.9558,32.195,0,111.88,19.697,8.5593,0,0,53.931,0.33963,188.24,7.2975,23.071,0.44264,0,22.517,51.581,8.1512,0.1878,3.5944,4.7627,2.2044,47.064,260.93,119.02,292.27,255.22,270.39,309.2,275.91,24.428,0,16.429,0,845.28,0,0,470.71,50.353,5.1469,4.2869,19.28,0,0,0,0,35.828,7.8187,176.45,85.242,0,0,0,20.254,14.668,324.65,2436
45.391,700.11,970.91,32.3,0,0,81.367,367.77,0,389.04,160.8,0,0,0,91.179,29.734,207.3,243.97,756.91,58.929,29.668,17.52,41.999,0,46.121,66.073,14.547,66.554,190.18,121.01,55.419,16.134,99.138,92.25,37.196,247.44,33.571,44.32,52.228,12.726,21.124,6.0554,6.8955,1186.7,261.54,21.699,8.272,25.916,14.901,114.3,7.32,77.703,80.732,41.146,20.778,13.398,18.083,160.7,15.015,52.083,637.74,2.4966,2.7601,16.777,46.268,10.205,16.093,21.71,191.14,139.59,184.91,0,1515.1,23.19,10.532,3848.6,19.272,76.998,300.44,10.092,13.508,9.5882,0,9.4063,78.747,81.077,23.7,21.599,12.037,48.597,3.8464,28.616,365.33,1150.2,154.22,7.8128,0,562.6,0,66.241,0,95.682,0,0,34.725,10.014,34.321,0,119.26,22.612,9.8257,0,0,65.431,0.57105,228.38,8.6269,38.792,0.74425,0,47.253,281.35,16.477,0.37962,11.245,14.9,12.024,98.767,527.44,240.58,590.8,515.9,546.55,625.02,557.73,52.02,0,18.859,0,1606.3,0,0,722.63,77.301,6.2444,8.6654,38.972,0,0,0,0,55.118,9.4859,270.87,130.86,0,0,0,40.941,80.008,498.4,2774
42.612,657.24,911.46,23.207,0,0,83.879,107.67,0,299.07,266.77,0,0,0,62.246,27.913,61.261,72.099,223.68,45.649,49.22,29.066,69.678,0,76.515,50.793,11.183,110.41,147.32,200.76,91.941,26.767,28.227,25.165,10.358,77.022,10.45,13.796,17.129,4.1736,7.246,2.0771,2.3653,407.06,259.76,20.37,2.7129,8.4996,5.1113,208.81,2.5109,26.654,27.693,38.626,19.506,12.578,16.976,47.046,14.095,48.894,514.58,2.3437,4.5791,15.749,76.76,9.5798,15.107,20.38,179.43,131.04,173.59,0,460.73,21.77,9.8875,1262.2,18.092,72.283,282.05,9.4738,12.681,9.0011,25.791,8.8303,73.925,76.113,22.249,20.276,11.3,45.622,3.8202,28.421,342.96,339.91,255.86,14.97,0,166.26,0,53.448,0,183.34,0,0,57.61,19.188,56.939,0,197.86,16.246,7.0596,0,0,67.451,1.0942,235.43,13.86,74.331,1.4261,0,14.709,96.509,15.468,0.35638,3.6879,4.8866,4.1244,30.744,495.14,225.85,554.62,484.31,513.09,586.75,523.58,41.974,54.866,13.55,0,2934.4,0,0,213.55,22.844,6.4372,8.1348,36.585,0,0,0,0,16.136,9.7787,80.05,38.672,0,0,30.918,38.434,27.444,147.29,2948.4
24.681,380.68,527.93,29.119,0,0,86.761,26.207,0,249.82,169.57,0,0,0,42.574,16.168,15.524,18.27,56.682,38.379,31.286,18.476,44.29,0,48.636,42.428,9.3413,70.184,123.86,127.61,58.442,17.014,14.542,12.218,5.179,44.132,5.9875,7.9047,4.5168,1.1006,2.9106,0.83434,0.9501,163.51,187.7,11.799,0.71539,2.2413,2.0531,185.16,1.0086,10.706,11.124,22.373,11.298,7.2852,9.8326,11.451,8.1642,28.32,5.905,1.3575,2.9107,9.1223,48.792,5.5487,8.7505,11.805,103.93,75.902,100.54,0,257.24,12.61,5.727,332.84,10.479,41.868,163.37,5.4873,7.3451,5.2135,40.533,5.1146,42.818,44.086,12.887,11.744,6.545,26.425,2.7604,20.537,198.65,86.134,162.64,13.402,0,42.131,0,0.61334,0,164.13,0,0,36.619,17.178,36.193,0,125.77,20.385,8.858,0,0,69.769,0.97956,243.52,14.68,66.542,1.2767,0,8.4279,38.766,8.9591,0.20642,0.97249,1.2886,1.6567,17.616,286.79,130.81,321.24,280.52,297.19,339.85,303.26,0.48167,86.225,17.002,0,2602.1,0,0,54.115,5.7887,6.6584,4.7118,21.191,0,0,0,0,3.9277,10.115,20.285,9.7997,0,0,48.59,22.262,11.024,37.323,2564
8.9823,138.54,192.13,12.324,0,0,43.587,5.5711,0,46.248,80.404,0,0,0,15.229,5.8839,3.937,4.6336,14.375,8.3313,14.835,8.7605,21.001,0,23.062,7.8545,1.7293,33.279,26.887,60.51,27.711,8.0676,6.5096,4.6193,2.1392,24.829,3.3686,4.4472,3.5216,0.85806,1.3605,0.38999,0.4441,76.428,58.713,4.2939,0.55776,1.7475,0.95968,92.854,0.47144,5.0044,5.1995,8.1421,4.1118,2.6513,3.5784,2.4343,2.9712,10.306,67.486,0.49404,1.3801,3.3199,23.135,2.0194,3.1846,4.2961,37.824,27.623,36.591,0,137.81,4.589,2.0842,259.5,3.8137,15.237,59.454,1.997,2.6731,1.8974,16.996,1.8614,15.583,16.044,4.6899,4.2741,2.3819,9.6167,0.86348,6.424,72.293,21.845,77.116,15.692,0,10.685,0,7.0096,0,192.18,0,493.98,17.364,20.114,17.161,0,59.635,8.6274,3.749,0,0,35.051,1.147,122.34,7.5804,77.914,1.4949,0,4.7415,18.12,3.2605,0.075122,0.7582,1.0046,0.77439,9.9105,104.37,47.607,116.91,102.09,108.16,123.68,110.37,5.5048,36.155,7.1958,0,1304.9,0,0,13.724,1.4681,3.345,1.7148,7.7119,0,0,0,0,0.83495,5.0815,5.1446,2.4854,0,0,20.374,8.1017,5.1528,9.4657,3066.6
5.3993,83.278,115.49,8.5134,0,0,32.123,0,0,26.119,37.801,0,0,0,5.6863,3.5368,0,4.1231e-11,1.2738e-09,5.3602,6.9745,4.1186,9.8733,0,10.842,4.4359,0.97664,15.646,17.299,28.448,13.028,3.7929,0,0,0,8.4883,1.1516,1.5204,1.274,0.31043,0.69968,0.20057,0.22839,39.306,0,2.5811,0.20179,0.63221,0.49355,24.135,0.24245,2.5737,2.674,4.8943,2.4716,1.5937,2.151,0,1.786,6.1953,0,0.29697,0.64885,1.9956,10.877,1.2138,1.9143,2.5824,22.736,16.604,21.995,0,36.712,2.7585,1.2528,93.883,2.2924,9.1589,35.738,1.2004,1.6068,1.1405,12.994,1.1189,9.367,9.6442,2.8191,2.5692,1.4318,5.7807,0,0,43.456,0,36.255,12.853,0,5.1792e-10,0,1.202e-11,0,157.41,0,797.94,8.1633,16.475,8.0682,0,28.037,5.9598,2.5898,0,0,25.832,0.93945,90.163,4.0165,63.818,1.2244,0,1.621,9.319,1.9599,0.045156,0.27431,0.36346,0.39826,3.3882,62.739,28.617,70.275,61.366,65.013,74.346,66.342,0,27.642,4.9708,0,339.18,0,0,7.5919e-10,1.1569e-10,2.4653,1.0308,4.6357,0,0,0,0,0,3.745,0,5.5853e-11,0,0,15.577,4.87,2.65,7.2884e-11,2448.1
3.8687,59.671,82.751,10.502,0,0,27.495,0,0,15.752,61.523,0,0,0,9.2617,2.5342,0,4.1231e-11,1.2738e-09,3.83,11.351,6.7033,16.069,0,17.646,2.6752,0.589,25.464,12.36,46.3,21.204,6.1731,4.7119,2.9186,1.4588,20.508,2.7824,3.6733,1.8949,0.4617,2.0766,0.59528,0.67787,116.66,0,1.8494,0.30012,0.94026,1.4649,8.5816,0.71961,7.6387,7.9365,3.5068,1.771,1.1419,1.5412,0,1.2797,4.439,0,0.21278,1.056,1.4299,17.702,0.86974,1.3716,1.8503,16.291,11.897,15.76,0,111.08,1.9765,0.89768,139.63,1.6426,6.5626,25.607,0.86012,1.1513,0.8172,9.2637,0.8017,6.7116,6.9103,2.02,1.8409,1.0259,4.142,0,0,31.137,0,59.007,19.414,0,5.1792e-10,0,1.202e-11,0,237.76,0,1894,13.286,24.884,13.131,0,45.631,7.3519,3.1947,0,0,22.11,1.419,77.173,7.3258,96.394,1.8494,0,3.9165,27.659,1.4043,0.032355,0.40797,0.54057,1.182,8.186,44.953,20.504,50.354,43.97,46.583,53.271,47.535,0,19.707,6.132,128.24,120.6,0,0,7.5919e-10,1.1569e-10,2.1101,0.73855,3.3216,0,0,0,0,0,3.2054,0,5.5853e-11,0,0,11.105,3.4894,7.8653,7.2884e-11,2212.7
2.0498,31.617,43.846,4.7158,0,0,17.947,0,0,16.957,34.572,0,0,0,8.015,1.3428,0,4.1231e-11,1.2738e-09,4.0079,6.3787,3.7668,9.0299,0,9.916,2.8799,0.63406,14.309,12.934,26.018,11.915,3.4689,4.691,2.8988,1.4509,20.458,2.7756,3.6644,1.1445,0.27888,0.96714,0.27724,0.3157,54.331,0,0.97992,0.18128,0.56794,0.68222,0.33749,0.33514,3.5575,3.6962,1.8581,0.93835,0.60506,0.81662,0,0.67806,2.352,0,0.11274,0.59343,0.75763,9.9477,0.46084,0.72675,0.98041,8.6317,6.3038,8.3504,0,110.77,1.0473,0.47564,84.34,0.87031,3.4772,13.568,0.45574,0.61003,0.433,6.3979,0.42479,3.5562,3.6614,1.0703,0.9754,0.54358,2.1946,0,0,16.498,0,33.158,11.539,0,5.1792e-10,0,1.202e-11,0,141.31,0,0,7.466,14.789,7.379,0,25.642,3.3013,1.4345,0,0,14.432,0.84336,50.372,2.6588,57.291,1.0992,0,3.9069,12.881,0.74408,0.017144,0.24642,0.32652,0.55049,8.166,23.819,10.864,26.68,23.298,24.682,28.226,25.187,0,13.61,2.7535,205.82,4.7428,0,0,7.5919e-10,1.1569e-10,1.3773,0.39133,1.7599,0,0,0,0,0,2.0922,0,5.5853e-11,0,0,7.6698,1.8489,3.663,7.2884e-11,2111
1.0008,15.436,21.407,5.1384,0,0,32.573,0,0,20.597,31.088,0,0,0,3.9915,0.65558,0,4.1231e-11,1.2738e-09,4.5451,5.7359,3.3872,8.1199,0,8.9167,3.4981,0.77016,12.867,14.668,23.396,10.714,3.1193,3.2353,1.5216,0.89994,16.96,2.301,3.0377,2.0449,0.49827,0.65626,0.18812,0.21422,36.867,0,0.47843,0.32389,1.0147,0.46293,0.48828,0.22741,2.414,2.5081,0.90719,0.45813,0.29541,0.3987,0,0.33105,1.1483,0,0.055045,0.53362,0.3699,8.9452,0.225,0.35482,0.47866,4.2143,3.0777,4.0769,0,89.124,0.51131,0.23222,150.69,0.42491,1.6977,6.6243,0.22251,0.29784,0.2114,6.9387,0.20739,1.7362,1.7876,0.52255,0.47622,0.26539,1.0715,0,0,8.0548,0,29.817,8.2169,0,5.1792e-10,0,1.202e-11,0,100.63,0,0,6.7136,10.532,6.6354,0,23.058,3.5971,1.5631,0,0,26.193,0.60058,91.424,1.6688,40.798,0.78274,0,3.2388,8.7407,0.36328,0.0083701,0.44028,0.58339,0.37354,6.7695,11.629,5.3043,13.026,11.375,12.051,13.781,12.297,0,14.761,3.0002,0,6.8619,0,0,7.5919e-10,1.1569e-10,2.4997,0.19106,0.85926,0,0,0,0,0,3.7974,0,5.5853e-11,0,0,8.3181,0.90269,2.4856,7.2884e-11,1738
1.8524,28.571,39.622,10.581,0,0,39.454,0,0,32.17,56.451,0,0,0,8.1819,1.2134,0,4.1231e-11,1.2738e-09,6.2534,10.415,6.1507,14.744,0,16.191,5.4636,1.2029,23.365,20.181,42.483,19.456,5.6642,5.2264,3.4053,1.6535,21.745,2.9502,3.8948,2.9776,0.72553,1.2141,0.34801,0.3963,68.202,0,0.88552,0.47161,1.4776,0.85639,1.0302,0.4207,4.4658,4.6398,1.6791,0.84795,0.54677,0.73795,0,0.61274,2.1255,0,0.10188,0.96898,0.68464,16.243,0.41644,0.65674,0.88596,7.8002,5.6965,7.546,0,118.73,0.94638,0.42982,219.42,0.78647,3.1422,12.261,0.41183,0.55126,0.39128,4.6224,0.38386,3.2136,3.3087,0.96718,0.88143,0.49121,1.9832,0,0,14.909,0,54.143,3.6499,0,5.1792e-10,0,1.202e-11,0,44.699,0,0,12.191,4.6782,12.049,0,41.869,7.4072,3.2187,0,0,31.727,0.26677,110.74,4.1296,18.122,0.34769,0,4.1526,16.17,0.6724,0.015492,0.6411,0.84948,0.69104,8.6796,21.524,9.8177,24.11,21.053,22.304,25.507,22.76,0,9.8333,6.1781,29.353,14.478,0,0,7.5919e-10,1.1569e-10,3.0279,0.35363,1.5904,0,0,0,0,0,4.5997,0,5.5853e-11,0,0,5.5413,1.6708,4.5982,7.2884e-11,1840
7.4788,115.35,159.97,31.608,0,0,115.71,15.633,0,106.42,153.31,0,0,0,17.087,4.899,9.5864,11.282,35.003,17.213,28.286,16.704,40.043,0,43.972,18.074,3.9793,63.454,55.551,115.38,52.838,15.383,3.3048,1.5874,0.92626,17.127,2.3236,3.0676,8.2742,2.0161,2.3967,0.68703,0.78235,134.64,0,3.5752,1.3105,4.1058,1.6906,13.435,0.83051,8.816,9.1597,6.7793,3.4235,2.2075,2.9794,6.8308,2.4739,8.5813,0,0.41134,2.6316,2.7642,44.113,1.6813,2.6515,3.577,31.492,22.999,30.466,0,90.158,3.8209,1.7354,609.72,3.1753,12.686,49.502,1.6627,2.2257,1.5798,0.89304,1.5498,12.975,13.359,3.9049,3.5587,1.9832,8.007,0,0,60.192,53.191,147.04,3.6739,0,26.017,0,1.202e-11,0,44.993,0,0,33.108,4.709,32.722,0,113.71,22.127,9.6152,0,0,93.05,0.26853,324.78,4.5539,18.241,0.34997,0,3.2707,31.922,2.7147,0.062548,1.7815,2.3605,1.3642,6.8363,86.902,39.638,97.341,85,90.052,102.98,91.892,0,1.8998,18.455,34.016,188.8,0,0,33.418,3.5748,8.8802,1.4277,6.4211,0,0,0,0,2.3429,13.49,12.527,6.0517,0,0,1.0706,6.7456,9.0775,23.048,2517
5.8228,89.812,124.55,17.06,0,0,62.395,42.647,0,268.54,38.988,0,0,0,9.4767,3.8143,24.754,29.133,90.386,41.143,7.1935,4.248,10.183,0,11.183,45.608,10.041,16.137,132.78,29.341,13.437,3.912,1.7358,0.10302,0.33244,13.356,1.812,2.3922,1.089,0.26536,0.29273,0.083914,0.095557,16.445,0.88958,2.7836,0.17249,0.54041,0.20649,25.522,0.10144,1.0768,1.1188,5.2782,2.6655,1.7187,2.3197,18.635,1.9261,6.6813,0,0.32026,0.66923,2.1521,11.218,1.3091,2.0644,2.785,24.519,17.907,23.72,0,66.828,2.9749,1.3511,80.251,2.4722,9.8774,38.541,1.2946,1.7329,1.23,0,1.2067,10.102,10.401,3.0403,2.7707,1.5441,6.2341,0.013083,0.097333,46.865,137.35,37.394,1.5751,0,67.182,0,1.202e-11,0,19.29,0,147.65,8.4196,2.0189,8.3215,0,28.917,11.943,5.1897,0,0,50.175,0.11513,175.13,10.211,7.8206,0.15005,0,2.5506,3.8989,2.1137,0.048699,0.23448,0.31069,0.16662,5.3311,67.66,30.862,75.788,66.18,70.113,80.179,71.546,0,0,9.9611,40.261,358.67,0,0,86.292,9.2308,4.7884,1.1116,4.9993,0,0,0,0,6.3916,7.2741,32.346,15.627,0,0,0,5.252,1.1087,59.515,2001
20.979,323.58,448.74,32.468,0,0,84.435,116.19,0,272.81,177.31,0,0,0,26.133,13.742,66.046,77.73,241.16,41.773,32.715,19.319,46.312,0,50.856,46.333,10.201,73.387,134.81,133.44,61.109,17.791,33.838,30.473,12.482,90.507,12.279,16.211,3.5225,0.85829,3.6287,1.0402,1.1845,203.85,121.87,10.029,0.55791,1.7479,2.5597,4.2275,1.2574,13.348,13.868,19.017,9.6035,6.1924,8.3577,50.769,6.9396,24.072,284.28,1.1539,3.0435,7.7539,51.019,4.7164,7.4379,10.034,88.341,64.516,85.462,0,544.16,10.718,4.8679,259.57,8.9072,35.587,138.86,4.6642,6.2433,4.4315,0,4.3474,36.396,37.473,10.954,9.9827,5.5632,22.461,1.7923,13.334,168.85,366.46,170.06,5.1426,0,179.25,0,29.528,0,62.98,0,0,38.291,6.5915,37.845,0,131.51,22.729,9.8768,0,0,67.898,0.37588,236.99,2.8002,25.534,0.48988,0,17.284,48.33,7.6153,0.17546,0.75841,1.0049,2.0655,36.126,243.77,111.19,273.06,238.44,252.61,288.88,257.77,23.189,0,18.958,6.4497,59.41,0,0,230.23,24.628,6.4798,4.005,18.012,0,0,0,0,17.414,9.8435,86.302,41.693,0,0,0,18.922,13.744,158.79,1800
22.475,346.65,480.73,27.227,0,0,78.446,236.96,0,249.82,234.01,0,0,0,76.102,14.722,133.85,157.53,488.75,38.379,43.176,25.497,61.121,0,67.119,42.428,9.3413,96.855,123.86,176.11,80.651,23.48,119.19,111.22,44.786,295.64,40.11,52.953,64.708,15.767,19.549,5.6038,6.3813,1098.2,339.82,10.744,10.249,32.11,13.79,81.668,6.7741,71.909,74.712,20.373,10.288,6.6339,8.9535,103.54,7.4343,25.788,810.67,1.2361,4.0168,8.3067,67.334,5.0526,7.9681,10.749,94.639,69.115,91.554,0,1813.3,11.482,5.2149,4768.3,9.5422,38.124,148.76,4.9967,6.6884,4.7474,0,4.6574,38.99,40.144,11.735,10.694,5.9598,24.062,4.9976,37.181,180.89,742.7,224.44,9.8214,0,363.28,0,84.203,0,120.28,0,0,50.535,12.588,49.947,0,173.56,19.06,8.2825,0,0,63.082,0.71785,220.18,11.965,48.764,0.93559,0,56.458,260.37,8.1581,0.18796,13.932,18.46,11.127,118.01,261.15,119.12,292.52,255.44,270.62,309.47,276.15,66.126,0,15.897,0,1147.7,0,0,466.61,49.914,6.0202,4.2905,19.296,0,0,0,0,35.514,9.1453,174.91,84.499,0,0,0,20.271,74.041,321.82,2232
38.859,599.36,831.19,30.503,0,0,88.379,144.6,0,324.56,348.14,0,0,0,53.19,25.455,81.999,96.506,299.41,49.411,64.233,37.932,90.931,0,99.854,55.122,12.136,144.09,159.46,262,119.99,34.932,49.981,45.745,18.592,129.3,17.543,23.16,13.613,3.3168,11.555,3.3123,3.7718,649.12,229.51,18.576,2.156,6.7548,8.1508,60.357,4.004,42.503,44.16,35.224,17.788,11.47,15.481,63.185,12.854,44.588,456.37,2.1373,5.9758,14.362,100.17,8.7361,13.777,18.586,163.63,119.5,158.3,0,784.19,19.853,9.0167,1003.1,16.499,65.918,257.21,8.6395,11.564,8.2084,25.791,8.0527,67.415,69.41,20.289,18.491,10.305,41.604,3.3753,25.112,312.75,454.98,333.9,12.07,0,222.54,0,47.402,0,147.82,0,0,75.182,15.471,74.306,0,258.21,21.354,9.279,0,0,71.07,0.88222,248.06,15.953,59.93,1.1498,0,24.693,153.9,14.106,0.32499,2.9308,3.8835,6.577,51.612,451.53,205.96,505.78,441.65,467.9,535.08,477.47,37.226,54.866,17.81,0,848.21,0,0,285.85,30.577,6.7825,7.4184,33.363,0,0,0,0,21.672,10.303,107.15,51.764,0,0,30.918,35.049,43.764,197.15,1949.5
18.097,279.13,387.1,12.691,0,0,47.955,7.404,0,199.45,169.82,0,0,0,23.826,11.855,4.9661,5.8447,18.133,30.945,31.333,18.503,44.355,0,48.708,33.874,7.4578,70.287,99.866,127.8,58.528,17.04,11.113,8.9744,3.8814,35.892,4.8696,6.4288,4.7193,1.1499,4.1261,1.1828,1.3469,231.79,128.99,8.6514,0.74746,2.3418,2.9105,147.97,1.4298,15.177,15.769,16.405,8.2843,5.3418,7.2097,3.2352,5.9863,20.765,55.676,0.99537,2.9149,6.6888,48.864,4.0686,6.4162,8.6556,76.206,55.654,73.723,0,206.26,9.2459,4.1993,347.76,7.6837,30.699,119.79,4.0235,5.3857,3.8228,40.533,3.7503,31.396,32.325,9.4492,8.6114,4.7991,19.376,1.897,14.113,145.65,27.555,162.88,10.287,0,13.478,0,5.783,0,125.98,0,432.81,36.673,13.185,36.246,0,125.95,8.8843,3.8606,0,0,38.563,0.75187,134.6,11.597,51.075,0.97992,0,6.8543,54.955,6.5692,0.15135,1.0161,1.3463,2.3485,14.327,210.29,95.917,235.55,205.69,217.91,249.19,222.36,4.5415,86.225,7.4101,0,2079.4,0,0,17.312,1.8519,3.6803,3.4549,15.538,0,0,0,0,1.1096,5.5907,6.4893,3.135,0,0,48.59,16.323,15.627,11.94,2200
7.3357,113.15,156.91,8.2049,0,0,32.123,0,0,76.893,26.152,0,0,0,14.281,4.8053,0,4.1231e-11,1.2738e-09,12.855,4.8252,2.8494,6.8307,0,7.5009,13.059,2.8752,10.824,41.485,19.681,9.0132,2.6241,0.47403,0,0,10.324,1.4006,1.8491,4.0402,0.98443,0.89446,0.2564,0.29197,50.248,29.356,3.5068,0.63991,2.0048,0.63095,50.425,0.30995,3.2902,3.4184,6.6496,3.358,2.1653,2.9224,0,2.4265,8.4172,11.81,0.40347,0.4489,2.7113,7.5249,1.6492,2.6008,3.5085,30.89,22.559,29.883,0,48.067,3.7478,1.7022,297.72,3.1146,12.444,48.555,1.6309,2.1831,1.5496,16.996,1.5202,12.726,13.103,3.8302,3.4906,1.9453,7.8539,0.43173,3.212,59.041,0,25.083,12.05,0,5.1792e-10,0,1.2267,0,147.57,0,1062.1,5.6476,15.445,5.5818,0,19.397,5.7438,2.4959,0,0,25.832,0.88072,90.163,12.021,59.828,1.1479,0,1.9715,11.913,2.6628,0.061351,0.86987,1.1526,0.50912,4.1207,85.239,38.88,95.479,83.375,88.329,101.01,90.135,0.96334,36.155,4.7907,0,708.64,0,0,7.5919e-10,1.1569e-10,2.4653,1.4004,6.2982,0,0,0,0,0,3.745,0,5.5853e-11,0,0,20.374,6.6165,3.3877,7.2884e-11,2374
6.4217,99.049,137.36,7.6094,0,0,31.401,2.1824,0,58.615,55.178,0,0,0,11.658,4.2066,2.0344,2.3943,7.4283,10.157,10.181,6.012,14.412,0,15.826,9.9549,2.1917,22.838,32.779,41.525,19.017,5.5365,0.10884,0,0,9.4459,1.2816,1.6919,2.9733,0.72447,0.86094,0.24679,0.28103,48.365,0,3.0699,0.47093,1.4754,0.6073,24.85,0.29833,3.1669,3.2903,5.8211,2.9396,1.8955,2.5583,0.95358,2.1242,7.3684,15.184,0.3532,0.94713,2.3735,15.877,1.4437,2.2767,3.0714,27.041,19.749,26.16,0,42.637,3.2809,1.4901,219.1,2.7265,10.893,42.505,1.4277,1.9111,1.3565,12.994,1.3308,11.141,11.47,3.353,3.0557,1.7029,6.8753,0,0,51.685,11.288,52.922,11.608,0,5.5213,0,1.5771,0,142.16,0,2012,11.916,14.878,11.777,0,40.925,5.3269,2.3148,0,0,25.251,0.84844,88.136,10.522,57.635,1.1058,0,1.8039,11.467,2.331,0.053707,0.64016,0.84824,0.49004,3.7704,74.619,34.036,83.583,72.987,77.324,88.425,78.904,1.2386,27.642,4.443,49.883,349.23,0,0,7.0918,0.75862,2.4098,1.2259,5.5135,0,0,0,0,0.32707,3.6608,2.6584,1.2843,0,0,15.577,5.7922,3.2608,4.8912,2300
4.0247,62.078,86.089,11.004,0,0,30.848,6.0584,0,23.456,52.137,0,0,0,12.678,2.6364,4.2106,4.9555,15.374,4.9671,9.6195,5.6806,13.618,0,14.954,3.9837,0.87707,21.579,16.03,39.237,17.969,5.2314,5.1356,3.3194,1.6191,21.527,2.9206,3.8557,1.9824,0.48302,1.9989,0.57298,0.65248,112.29,0.88958,1.924,0.31398,0.9837,1.41,3.2755,0.69265,7.3526,7.6392,3.6483,1.8424,1.188,1.6034,2.6472,1.3313,4.6181,0,0.22137,0.89493,1.4876,15.002,0.90483,1.4269,1.925,16.948,12.377,16.396,0,117.38,2.0562,0.93389,146.08,1.7088,6.8273,26.64,0.89482,1.1978,0.85017,9.2637,0.83404,6.9824,7.189,2.1014,1.9151,1.0673,4.309,0.013083,0.097333,32.393,23.363,50.005,18.848,0,11.428,0,1.202e-11,0,230.83,0,2250.3,11.259,24.159,11.128,0,38.67,7.7033,3.3474,0,0,24.806,1.3776,86.583,8.0895,93.584,1.7955,0,4.1109,26.623,1.461,0.033661,0.42681,0.56554,1.1377,8.5925,46.767,21.332,52.385,45.744,48.462,55.42,49.453,0,19.707,6.4251,181.47,46.031,0,0,14.678,1.5701,2.3674,0.76835,3.4555,0,0,0,0,0.90797,3.5963,5.502,2.6581,0,0,11.105,3.6302,7.5706,10.123,2116
1.4871,22.936,31.808,1.9311,0,0,7.5713,0,0,10.821,11.304,0,0,0,2.3608,0.9741,0.066511,0.078277,0.24285,3.1022,2.0856,1.2316,2.9525,0,3.2422,1.8378,0.40462,4.6786,10.012,8.507,3.8959,1.1342,1.2008,0,0.12996,12.07,1.6376,2.1619,0.21148,0.05153,0.47865,0.13721,0.15624,26.889,1.7792,0.71088,0.033496,0.10494,0.33764,0.11044,0.16586,1.7607,1.8293,1.348,0.68072,0.43894,0.59242,0,0.4919,1.7063,0,0.08179,0.19403,0.54962,3.2526,0.33431,0.52722,0.71123,6.2619,4.5731,6.0578,0,58.873,0.75974,0.34505,15.584,0.63137,2.5225,9.8428,0.33061,0.44255,0.31412,6.3979,0.30816,2.5798,2.6562,0.77644,0.7076,0.39434,1.5921,0.026166,0.19467,11.968,0.36904,10.842,5.5389,0,0.18051,0,1.202e-11,0,67.834,0,1177.9,2.4411,7.0995,2.4127,0,8.3841,1.3519,0.58744,0,0,6.0885,0.40485,21.251,3.875,27.502,0.52764,0,2.305,6.3751,0.53979,0.012437,0.045533,0.060333,0.27245,4.8179,17.279,7.8815,19.355,16.901,17.906,20.476,18.272,0,13.61,1.1275,729.22,1.5521,0,0,0.23185,0.024802,0.58105,0.28389,1.2767,0,0,0,0,0,0.88268,0.08691,0.041987,0,0,7.6698,1.3413,1.8129,0.15991,1670
0.68658,10.59,14.686,4.5338,0,0,55.409,0,0,13.643,25.211,0,0,0,4.4228,0.44975,0,4.1231e-11,1.2738e-09,3.5187,4.6515,2.7469,6.5849,0,7.231,2.3171,0.51014,10.435,11.356,18.973,8.6889,2.5296,0,0,0,8.0229,1.0885,1.437,2.4594,0.59925,0.61415,0.17605,0.20047,34.501,0,0.32822,0.38953,1.2204,0.43322,2.0727,0.21282,2.2591,2.3471,0.62237,0.31429,0.20266,0.27352,0,0.22711,0.78781,0,0.037763,0.43274,0.25376,7.2542,0.15436,0.24342,0.32838,2.8911,2.1114,2.7969,0,33.833,0.35078,0.15931,181.23,0.29151,1.1647,4.5445,0.15265,0.20433,0.14503,6.9387,0.14228,1.1911,1.2264,0.35849,0.3267,0.18207,0.73508,0,0,5.5259,0,24.18,6.5693,0,5.1792e-10,0,1.202e-11,0,80.453,0,0,5.4444,8.4202,5.381,0,18.699,3.1739,1.3792,0,0,44.557,0.48016,155.52,3.5639,32.618,0.6258,0,1.5321,8.1798,0.24923,0.0057422,0.52952,0.70163,0.34957,3.2024,7.978,3.639,8.9364,7.8034,8.2672,9.4541,8.4362,0,14.761,2.6472,138.72,29.128,0,0,7.5919e-10,1.1569e-10,4.2523,0.13107,0.58948,0,0,0,0,0,6.4596,0,5.5853e-11,0,0,8.3181,0.61928,2.3261,7.2884e-11,1380
0.94161,14.523,20.141,2.5748,0,0,0.066667,0,0,42.524,3.5288,0,0,0,2.0176,0.61681,0,4.1231e-11,1.2738e-09,7.7817,0.65108,0.38448,0.92169,0,1.0121,7.2221,1.5901,1.4605,25.113,2.6557,1.2162,0.35408,0,0,0,7.4629,1.0125,1.3367,0.44696,0.10891,0.32132,0.092109,0.10489,18.051,0,0.45013,0.070791,0.22179,0.22666,1.0516,0.11135,1.182,1.228,0.85354,0.43104,0.27794,0.37512,0,0.31147,1.0804,0,0.05179,0.060572,0.34802,1.0154,0.21169,0.33384,0.45036,3.965,2.8957,3.8358,0,30.368,0.48107,0.21849,32.936,0.39979,1.5973,6.2325,0.20935,0.28022,0.1989,4.6224,0.19513,1.6336,1.6819,0.49164,0.44806,0.2497,1.0081,0,0,7.5785,0,3.3845,0.86112,0,5.1792e-10,0,1.202e-11,0,10.546,0,0,0.76206,1.1037,0.75318,0,2.6173,1.8025,0.78325,0,0,0.05361,0.06294,0.18712,1.8951,4.2756,0.082031,0,1.4252,4.2797,0.3418,0.0078751,0.096232,0.12751,0.1829,2.9789,10.941,4.9906,12.256,10.702,11.338,12.966,11.57,0,9.8333,1.5034,67.833,14.778,0,0,7.5919e-10,1.1569e-10,0.0051163,0.17976,0.80844,0,0,0,0,0,0.0077722,0,5.5853e-11,0,0,5.5413,0.8493,1.217,7.2884e-11,1120
2.7226,41.994,58.237,17.076,0,0,75.054,18.982,0,65.095,46.808,0,0,0,3.8049,1.7835,11.467,13.495,41.868,11.113,8.6363,5.1,12.226,0,13.425,11.055,2.434,19.373,35.865,35.226,16.132,4.6967,0,0,0,5.7086,0.7745,1.0225,2.4192,0.58946,0.47865,0.13721,0.15624,26.889,0,1.3015,0.38317,1.2005,0.33764,10.481,0.16586,1.7607,1.8293,2.468,1.2463,0.80365,1.0847,8.294,0.90061,3.124,0,0.14975,0.80346,1.0063,13.468,0.61209,0.96528,1.3022,11.465,8.3728,11.091,0,19.514,1.391,0.63175,178.27,1.156,4.6185,18.021,0.60532,0.81025,0.57512,0.89304,0.56421,4.7234,4.8632,1.4216,1.2955,0.72199,2.915,0,0,21.913,63.623,44.894,2.0445,0,31.12,0,1.202e-11,0,25.039,0,0,10.108,2.6206,9.9906,0,34.717,11.954,5.1945,0,0,60.355,0.14944,210.66,5.0913,10.151,0.19476,0,1.0902,6.3751,0.9883,0.02277,0.52087,0.69017,0.27245,2.2786,31.637,14.43,35.437,30.944,32.783,37.49,33.453,0,1.8998,9.9704,0,147.29,0,0,39.972,4.2759,5.7599,0.51977,2.3376,0,0,0,0,2.8448,8.7499,14.983,7.2386,0,0,1.0706,2.4557,1.8129,27.569,1250
9.3871,144.79,200.79,20.73,0,0,83.576,66.305,0,257.63,61.041,0,0,0,9.2617,6.1491,38.037,44.766,138.89,39.532,11.262,6.6508,15.943,0,17.508,43.755,9.6333,25.264,127.58,45.938,21.038,6.1248,4.1766,2.4121,1.2562,19.222,2.6079,3.4429,1.1445,0.27888,0.33612,0.096349,0.10972,18.882,0,4.4875,0.18128,0.56794,0.2371,12.895,0.11647,1.2364,1.2846,8.5091,4.2971,2.7708,3.7397,28.972,3.1051,10.771,0,0.5163,1.0478,3.4695,17.564,2.1104,3.3281,4.4897,39.528,28.868,38.24,0,103.12,4.7959,2.1782,84.34,3.9855,15.924,62.134,2.087,2.7936,1.9829,0,1.9453,16.285,16.767,4.9013,4.4668,2.4893,10.05,0,0,75.552,211.05,58.545,2.2607,0,103.23,0,1.202e-11,0,27.686,0,0,13.182,2.8976,13.028,0,45.274,14.512,6.3061,0,0,67.208,0.16523,234.58,2.4608,11.225,0.21535,0,3.6708,4.4767,3.4075,0.078508,0.24642,0.32652,0.19132,7.6725,109.08,49.753,122.18,106.69,113.03,129.26,115.34,0,0,12.104,0,181.22,0,0,132.6,14.184,6.4139,1.7921,8.0596,0,0,0,0,9.9372,9.7434,49.703,24.012,0,0,0,8.4669,1.273,91.451,1020
26.431,407.67,565.36,34.334,0,0,97.457,245.51,0,281.36,213.3,0,0,0,69.426,17.314,138.65,163.18,506.27,43.035,39.355,23.24,55.712,0,61.179,47.785,10.521,88.283,138.88,160.52,73.513,21.402,38.532,34.914,14.258,101.79,13.81,18.231,41.96,10.224,9.0204,2.5857,2.9445,506.74,215.28,12.635,6.6458,20.821,6.363,42.291,3.1258,33.181,34.474,23.959,12.099,7.8018,10.53,107.28,8.743,30.328,648.71,1.4537,3.6613,9.769,61.374,5.9421,9.3709,12.642,111.3,81.283,107.67,0,613.95,13.504,6.133,3092,11.222,44.836,174.95,5.8764,7.8659,5.5832,0,5.4773,45.854,47.211,13.801,12.577,7.009,28.298,3.1661,23.555,212.73,769.33,204.58,6.1473,0,376.3,0,67.38,0,75.284,0,0,46.063,7.8792,45.526,0,158.2,24.035,10.444,0,0,78.37,0.44931,273.54,7.5804,30.522,0.58559,0,19.438,120.14,9.5943,0.22105,9.0342,11.971,5.1344,40.629,307.12,140.09,344.02,300.41,318.26,363.95,324.76,52.915,0,20.047,74.869,594.33,0,0,483.34,51.704,7.4792,5.0459,22.693,0,0,0,0,36.795,11.362,181.18,87.529,0,0,0,23.84,34.165,333.36,1510
50.547,779.64,1081.2,39.233,0,0,124.42,339.42,0,291.17,312.53,0,0,0,124.21,33.111,191.38,225.24,698.8,44.483,57.663,34.052,81.63,0,89.64,49.451,10.887,129.35,143.56,235.2,107.71,31.359,137.2,128.26,51.599,338.9,45.98,60.703,99.022,24.127,16.089,4.6119,5.2517,903.81,372.74,24.164,15.683,49.136,11.349,75.619,5.5751,59.18,61.487,45.819,23.139,14.92,20.137,148.31,16.72,57.999,768.49,2.7802,5.3646,18.682,89.927,11.364,17.921,24.176,212.85,155.45,205.91,0,2081,25.825,11.729,7296.8,21.461,85.745,334.57,11.238,15.043,10.677,0,10.475,87.692,90.287,26.392,24.052,13.404,54.118,5.4818,40.783,406.82,1061.9,299.75,10.716,0,519.41,0,79.822,0,131.24,0,0,67.492,13.736,66.706,0,231.8,27.465,11.935,0,0,100.06,0.78326,349.23,3.7053,53.208,1.0208,0,64.721,214.28,18.348,0.42275,21.32,28.249,9.1576,135.28,587.35,267.9,657.91,574.5,608.64,696.02,621.08,62.686,0,22.908,0,1062.7,0,0,667.15,71.366,9.5487,9.6497,43.399,0,0,0,0,50.87,14.506,250.08,120.82,0,0,0,45.592,60.935,460.13,1899.5
50.884,784.83,1088.4,31.305,0,0,85.582,120.6,0,406.44,242.48,0,0,0,65.531,33.332,68.524,80.647,250.2,61.497,44.739,26.42,63.334,0,69.548,69.028,15.198,100.36,198.47,182.48,83.57,24.33,57.547,52.903,21.455,147.49,20.01,26.417,25.152,6.1284,13.773,3.9481,4.4959,773.73,218.84,24.325,3.9836,12.481,9.7155,132.2,4.7727,50.663,52.638,46.125,23.293,15.02,20.271,52.698,16.832,58.385,734.75,2.7987,4.1621,18.807,69.771,11.439,18.04,24.337,214.27,156.48,207.28,0,896.69,25.997,11.807,1853.4,21.604,86.316,336.8,11.313,15.143,10.748,25.791,10.545,88.276,90.889,26.568,24.213,13.493,54.478,3.2184,23.944,409.53,380.21,232.56,16.129,0,185.97,0,76.317,0,197.53,0,0,52.365,20.673,51.754,0,179.85,21.915,9.523,0,0,68.821,1.1789,240.21,8.5421,80.084,1.5365,0,28.165,183.44,18.47,0.42556,5.4152,7.1754,7.8396,58.87,591.26,269.69,662.29,578.32,612.69,700.65,625.22,59.933,54.866,18.278,0,1857.9,0,0,238.87,25.552,6.5679,9.714,43.688,0,0,0,0,18.075,9.9773,89.54,43.257,0,0,30.918,45.895,52.165,164.75,913
28.31,436.65,605.54,22.307,0,0,85.415,20.356,0,60.105,269.59,0,0,0,42.574,18.544,12.238,14.403,44.685,10.377,49.741,29.373,70.414,0,77.324,10.208,2.2474,111.58,33.488,202.89,92.913,27.05,25.969,23.029,9.504,71.596,9.7136,12.824,8.5405,2.081,3.2186,0.92262,1.0506,180.81,264.21,13.533,1.3527,4.238,2.2704,107.28,1.1153,11.839,12.301,25.662,12.959,8.3562,11.278,8.8944,9.3644,32.483,388.04,1.5571,4.6275,10.463,77.571,6.3644,10.037,13.54,119.21,87.06,115.32,0,427.16,14.463,6.5689,629.34,12.02,48.022,187.38,6.294,8.4249,5.98,40.533,5.8665,49.113,50.567,14.781,13.471,7.5072,30.309,3.8857,28.908,227.85,67.904,258.57,15.234,0,33.214,0,40.305,0,186.57,0,0,58.219,19.526,57.541,0,199.95,15.616,6.7858,0,0,68.686,1.1135,239.74,5.2893,75.64,1.4512,0,13.673,42.868,10.276,0.23676,1.8388,2.4365,1.832,28.578,328.95,150.04,368.47,321.76,340.88,389.81,347.84,31.652,86.225,13.025,0,1507.7,0,0,42.662,4.5636,6.555,5.4045,24.306,0,0,0,0,3.0507,9.9578,15.992,7.7256,0,0,48.59,25.534,12.19,29.424,1829
8.756,135.05,187.29,8.3545,0,0,36.918,6.153,0,60.105,13.271,0,0,0,13.553,5.7356,4.2638,5.0181,15.569,10.377,2.4486,1.4459,3.4663,0,3.8064,10.208,2.2474,5.4928,33.488,9.9873,4.5738,1.3316,0.36703,0,0,10.066,1.3657,1.803,1.3617,0.33178,2.0628,0.5913,0.67334,115.88,18.681,4.1858,0.21567,0.67569,1.4551,50.74,0.71479,7.5877,7.8834,7.937,4.0082,2.5845,3.4882,2.6886,2.8964,10.047,25.307,0.48159,0.2278,3.2362,3.8186,1.9685,3.1043,4.1878,36.871,26.927,35.669,0,46.476,4.4734,2.0317,100.34,3.7176,14.853,57.956,1.9467,2.6058,1.8496,16.996,1.8145,15.19,15.64,4.5718,4.1665,2.3219,9.3745,0.27474,2.044,70.472,23.658,12.728,10.275,0,11.572,0,2.6286,0,125.83,0,935.83,2.8659,13.169,2.8325,0,9.843,5.8485,2.5414,0,0,29.687,0.75098,103.62,6.4773,51.015,0.97876,0,1.9224,27.474,3.1784,0.07323,0.29317,0.38846,1.1741,4.0181,101.74,46.408,113.97,99.517,105.43,120.57,107.59,2.0643,36.155,4.8781,0,713.07,0,0,14.863,1.59,2.8332,1.6716,7.5177,0,0,0,0,0.92217,4.3039,5.5715,2.6916,0,0,20.374,7.8976,7.8127,10.251,1640
6.5825,101.53,140.8,12.338,0,0,49.16,0.84131,0,20.19,94.208,0,0,0,13.497,4.3119,1.2814,1.5082,4.679,4.4851,17.382,10.264,24.606,0,27.021,3.429,0.75494,38.992,14.475,70.898,32.468,9.4527,0.09539,0,0,9.4136,1.2772,1.6861,1.6156,0.39365,1.3357,0.38287,0.43599,75.033,4.4479,3.1468,0.25588,0.80168,0.94217,13.083,0.46283,4.9131,5.1046,5.9669,3.0133,1.943,2.6224,0.36761,2.1774,7.553,43.866,0.36205,1.6171,2.4329,27.107,1.4799,2.3338,3.1483,27.718,20.243,26.815,0,42.437,3.363,1.5274,119.05,2.7948,11.166,43.57,1.4635,1.959,1.3905,12.994,1.3641,11.42,11.758,3.4369,3.1322,1.7456,7.0475,0.065414,0.48666,52.979,7.1102,90.356,18.248,0,3.4778,0,4.5563,0,223.48,0,998.13,20.345,23.389,20.108,0,69.874,8.6372,3.7532,0,0,39.532,1.3338,137.98,3.1962,90.604,1.7383,0,1.7977,17.789,2.3894,0.055052,0.34784,0.4609,0.76025,3.7575,76.488,34.888,85.676,74.814,79.261,90.64,80.881,3.5781,27.642,7.204,0,183.86,0,0,4.4671,0.47785,3.7727,1.2566,5.6516,0,0,0,0,0.12609,5.7311,1.6745,0.80895,0,0,15.577,5.9372,5.0587,3.0809,1414
2.0413,31.486,43.664,10.016,0,0,37.972,0,0,43.042,54.062,0,0,0,3.5288,1.3372,0.042124,0.049577,0.15381,7.8581,9.9747,5.8904,14.12,0,15.506,7.31,1.6094,22.376,25.36,40.685,18.632,5.4245,4.0138,2.2581,1.1946,18.831,2.5548,3.3728,1.8854,0.45938,0.7338,0.21035,0.23953,41.223,0,0.97585,0.29861,0.93555,0.51762,3.3224,0.25428,2.6992,2.8044,1.8504,0.93445,0.60255,0.81324,0,0.67524,2.3423,0,0.11228,0.92797,0.75448,15.556,0.45892,0.72373,0.97634,8.5959,6.2777,8.3157,0,100.7,1.0429,0.47367,138.93,0.8667,3.4628,13.512,0.45385,0.6075,0.4312,9.2637,0.42302,3.5414,3.6462,1.0658,0.97135,0.54132,2.1855,0,0,16.43,0.23373,51.851,20.087,0,0.11432,0,1.202e-11,0,246,0,0,11.675,25.746,11.539,0,40.097,7.0117,3.0469,0,0,30.535,1.4682,106.58,2.0365,99.734,1.9135,0,3.5961,9.7735,0.74099,0.017072,0.40592,0.53786,0.41768,7.5164,23.72,10.819,26.569,23.201,24.58,28.109,25.082,0,19.707,5.8482,0,46.691,0,0,0.14684,0.015708,2.9141,0.3897,1.7526,0,0,0,0,0,4.4269,0.055044,0.026592,0,0,11.105,1.8412,2.7793,0.10128,1565
1.395,21.517,29.84,2.9343,0,0,15.575,0,0,7.7886,19.468,0,0,0,4.9081,0.91383,0,4.1231e-11,1.2738e-09,2.6546,3.5919,2.1211,5.0849,0,5.5838,1.3228,0.29123,8.0576,8.567,14.651,6.7096,1.9534,1.7122,0.080684,0.3235,13.299,1.8043,2.3821,1.1117,0.27088,0.7515,0.21542,0.24531,42.217,0,0.6669,0.17608,0.55166,0.53011,0.45219,0.26041,2.7643,2.8721,1.2646,0.63861,0.41178,0.55577,0,0.46146,1.6007,0,0.076729,0.33417,0.51561,5.6017,0.31363,0.4946,0.66723,5.8744,4.2902,5.683,0,66.477,0.71273,0.3237,81.922,0.5923,2.3665,9.2338,0.31016,0.41517,0.29468,6.3979,0.28909,2.4202,2.4918,0.7284,0.66382,0.36994,1.4936,0,0,11.228,0,18.672,5.8926,0,5.1792e-10,0,1.202e-11,0,72.165,0,0,4.2042,7.5528,4.1552,0,14.439,2.0541,0.89261,0,0,12.525,0.43069,43.716,3.3376,29.257,0.56133,0,2.5397,10.009,0.50639,0.011667,0.23936,0.31716,0.42775,5.3085,16.21,7.3939,18.158,15.856,16.798,19.209,17.141,0,13.61,1.7133,191.58,6.3547,0,0,7.5919e-10,1.1569e-10,1.1953,0.26632,1.1978,0,0,0,0,0,1.8158,0,5.5853e-11,0,0,7.6698,1.2583,2.8463,7.2884e-11,1313
0.80613,12.434,17.243,2.2221,0,0,29.625,0,0,43.929,5.9543,0,0,0,3.2359,0.52806,0,4.1231e-11,1.2738e-09,7.989,1.0986,0.64875,1.5552,0,1.7078,7.4607,1.6426,2.4644,25.783,4.481,2.0521,0.59745,0.43939,0,0,10.24,1.3893,1.8342,0.91396,0.22269,0.51416,0.14739,0.16784,28.884,0,0.38537,0.14476,0.45353,0.36269,0.32814,0.17817,1.8913,1.965,0.73073,0.36902,0.23795,0.32115,0,0.26666,0.92497,0,0.044338,0.10221,0.29795,1.7133,0.18123,0.2858,0.38556,3.3945,2.4791,3.2839,0,47.552,0.41185,0.18705,67.349,0.34226,1.3675,5.3358,0.17923,0.2399,0.17028,6.9387,0.16705,1.3985,1.4399,0.4209,0.38359,0.21377,0.86307,0,0,6.4881,0,5.7108,4.7083,0,5.1792e-10,0,1.202e-11,0,57.661,0,0,1.2859,6.0348,1.2709,0,4.4163,1.5556,0.67596,0,0,23.823,0.34413,83.15,3.5073,23.377,0.44851,0,1.9556,6.8481,0.29262,0.006742,0.19678,0.26074,0.29266,4.0875,9.3671,4.2726,10.492,9.1621,9.7066,11.1,9.905,0,14.761,1.2974,85.287,4.6114,0,0,7.5919e-10,1.1569e-10,2.2735,0.15389,0.69212,0,0,0,0,0,3.4537,0,5.5853e-11,0,0,8.3181,0.7271,1.9474,7.2884e-11,1120
0.98196,15.146,21.004,3.5698,0,0,27.69,0,0,46.813,11.087,0,0,0,2.5721,0.64323,0.021283,0.025048,0.077711,8.4147,2.0456,1.208,2.8958,0,3.18,7.9505,1.7504,4.5888,27.157,8.3437,3.8211,1.1125,0.58809,0,0,10.598,1.4378,1.8982,0.79441,0.19356,0.24521,0.07029,0.080042,13.775,0,0.46942,0.12582,0.3942,0.17297,0.8455,0.08497,0.90197,0.93713,0.89011,0.44951,0.28985,0.3912,0,0.32482,1.1267,0,0.054009,0.19031,0.36293,3.1902,0.22076,0.34814,0.46965,4.1349,3.0198,4.0002,0,49.763,0.50168,0.22785,58.539,0.41692,1.6657,6.4996,0.21832,0.29223,0.20742,4.6224,0.20349,1.7036,1.754,0.51271,0.46725,0.2604,1.0513,0,0,7.9032,0.11809,10.634,1.8351,0,0.057761,0,1.202e-11,0,22.474,0,0,2.3943,2.3521,2.3664,0,8.2232,2.499,1.0859,0,0,22.267,0.13413,77.72,1.8385,9.1115,0.17481,0,2.0238,3.2659,0.35644,0.0082125,0.17104,0.22663,0.13957,4.2301,11.41,5.2045,12.781,11.161,11.824,13.521,12.065,0,9.8333,2.0844,0,11.882,0,0,0.074192,0.0079364,2.125,0.18746,0.84308,0,0,0,0,0,3.2282,0.02781,0.013435,0,0,5.5413,0.88569,0.92871,0.05117,1377
2.1421,33.04,45.819,18.526,0,0,70.861,6.4641,0,118.73,68.101,0,0,0,3.59,1.4032,4.4384,5.2237,16.206,19.03,12.565,7.42,17.787,0,19.533,20.165,4.4396,28.186,61.415,51.251,23.471,6.8332,0,0,0,6.3708,0.86434,1.1411,1.016,0.24755,0.3264,0.093563,0.10654,18.336,0,1.024,0.16091,0.50415,0.23024,9.8895,0.1131,1.2006,1.2474,1.9417,0.98057,0.63229,0.85337,2.8245,0.70857,2.4579,10.966,0.11782,1.1689,0.79172,19.595,0.48157,0.75945,1.0245,9.0201,6.5875,8.7262,0,23.611,1.0944,0.49704,74.866,0.90948,3.6337,14.178,0.47625,0.63748,0.45248,0.89304,0.4439,3.7162,3.8262,1.1184,1.0193,0.56804,2.2934,0,0,17.24,24.627,65.316,2.1745,0,12.046,0,1.139,0,26.63,0,0,14.707,2.7871,14.535,0,50.51,12.969,5.6356,0,0,56.983,0.15893,198.89,3.9599,10.796,0.20714,0,1.2166,4.3472,0.77756,0.017915,0.21874,0.28984,0.18578,2.5429,24.891,11.353,27.881,24.346,25.793,29.496,26.32,0.8945,1.8998,10.817,0,138.98,0,0,15.472,1.6551,5.4381,0.40894,1.8391,0,0,0,0,0.96878,8.261,5.7997,2.8019,0,0,1.0706,1.9321,1.2362,10.671,2010
6.1449,94.78,131.44,22.767,0,0,77.936,13.011,0,250.78,72.267,0,0,0,6.4113,4.0253,8.1143,9.5499,29.628,38.521,13.334,7.8739,18.875,0,20.728,42.591,9.3772,29.911,124.32,54.386,24.907,7.2512,0,0,0,8.6079,1.1679,1.5418,0.67804,0.16521,0.031552,0.0090446,0.010299,1.7725,1.7792,2.9376,0.10739,0.33646,0.022257,3.3388,0.010933,0.11606,0.12058,5.5702,2.8129,1.8138,2.448,5.6852,2.0327,7.0509,0,0.33798,1.2405,2.2712,20.794,1.3815,2.1786,2.939,25.876,18.897,25.033,0,37.452,3.1395,1.4259,49.964,2.609,10.424,40.673,1.3662,1.8287,1.298,0,1.2734,10.661,10.976,3.2085,2.924,1.6295,6.579,0.026166,0.19467,49.457,45.023,69.312,2.4977,0,22.022,0,1.202e-11,0,30.589,0,0,15.606,3.2014,15.425,0,53.6,15.938,6.9257,0,0,62.672,0.18256,218.75,5.9116,12.402,0.23793,0,1.6438,0.42024,2.2306,0.051393,0.14598,0.19343,0.017959,3.4359,71.403,32.569,79.981,69.841,73.992,84.614,75.504,0,0,13.293,0,46.921,0,0,28.286,3.0258,5.9811,1.1731,5.2759,0,0,0,0,1.95,9.0859,10.603,5.1224,0,0,0,5.5425,0.1195,19.509,1520
18.125,279.56,387.69,39.853,0,0,106.08,199.43,0,443.73,281.17,0,0,0,43.062,11.873,112.78,132.73,411.8,67.001,51.877,30.635,73.439,0,80.645,75.361,16.592,116.37,216.23,211.6,96.904,28.212,55.99,51.43,20.866,143.74,19.502,25.746,23.5,5.726,7.1878,2.0604,2.3463,403.79,46.258,8.6645,3.7221,11.661,5.0703,30.571,2.4907,26.44,27.47,16.43,8.2969,5.35,7.2207,87.14,5.9954,20.797,268.26,0.99689,4.8263,6.699,80.903,4.0748,6.426,8.6688,76.322,55.739,73.835,0,873.53,9.26,4.2057,1731.7,7.6954,30.746,119.97,4.0297,5.3939,3.8286,0,3.756,31.444,32.375,9.4636,8.6245,4.8064,19.405,0.6803,5.0613,145.88,625.77,269.67,5.7923,0,306.08,0,27.864,0,70.937,0,0,60.72,7.4243,60.012,0,208.54,27.899,12.123,0,0,85.306,0.42336,297.75,11.965,28.76,0.55178,0,27.45,95.734,6.5792,0.15159,5.0597,6.7042,4.0913,57.376,210.61,96.064,235.91,206,218.24,249.57,222.7,21.882,0,23.27,0,429.62,0,0,393.15,42.056,8.1411,3.4601,15.562,0,0,0,0,29.888,12.367,147.37,71.196,0,0,0,16.348,27.224,271.15,1620
51.379,792.48,1099,51.07,0,0,113.61,292.43,0,598.41,361.46,0,0,0,95.131,33.656,165,194.19,602.45,89.833,66.691,39.383,94.41,0,103.67,101.63,22.376,149.61,289.91,272.02,124.58,36.268,102.89,95.8,38.616,256.46,34.794,45.935,49.606,12.087,19.924,5.7115,6.5039,1119.3,238.41,24.562,7.8568,24.615,14.055,7.2453,6.9043,73.29,76.147,46.574,23.52,15.166,20.469,127.78,16.996,58.954,911.06,2.8259,6.2044,18.99,104.01,11.551,18.216,24.574,216.35,158.01,209.3,0,1570.9,26.25,11.922,3655.4,21.814,87.156,340.08,11.423,15.29,10.853,0,10.647,89.136,91.774,26.827,24.448,13.625,55.009,3.5062,26.085,413.52,915.49,346.68,14.697,0,447.79,0,94.63,0,179.99,0,0,78.059,18.838,77.149,0,268.09,35.751,15.536,0,0,91.357,1.0742,318.87,14.143,72.972,1.4,0,48.976,265.37,18.65,0.42971,10.68,14.152,11.341,102.37,597.02,272.32,668.74,583.96,618.66,707.48,631.3,74.315,0,29.819,0,101.82,0,0,575.17,61.527,8.7186,9.8086,44.113,0,0,0,0,43.826,13.244,215.6,104.16,0,0,0,46.342,75.464,396.69,1710
74.942,1155.9,1603,35.177,0,0,91.792,102.08,0,348.33,397.19,0,0,0,122.41,49.091,58.121,68.404,212.22,52.92,73.283,43.276,103.74,0,113.92,59.159,13.025,164.39,170.79,298.91,136.89,39.854,68.84,63.587,25.729,174.62,23.692,31.278,40.964,9.9812,13.603,3.8994,4.4404,764.18,354.94,35.826,6.4881,20.327,9.5956,162.75,4.7138,50.037,51.988,67.932,34.306,22.121,29.856,44.602,24.79,85.99,957.45,4.1219,6.8177,27.699,114.29,16.848,26.57,35.843,315.57,230.47,305.29,0,1064.6,38.288,17.389,3018.6,31.818,127.13,496.04,16.662,22.303,15.83,25.791,15.53,130.01,133.86,39.129,35.66,19.873,80.235,5.22,38.835,603.16,322.49,380.95,18.722,0,157.74,0,99.449,0,229.28,0,0,85.775,23.996,84.775,0,294.59,24.626,10.701,0,0,73.815,1.3684,257.64,13.351,92.956,1.7834,0,33.348,181.18,27.203,0.62677,8.8197,11.686,7.7428,69.703,870.81,397.2,975.42,851.76,902.38,1031.9,920.82,78.099,54.866,20.539,0,2287.2,0,0,202.61,21.673,7.0444,14.307,64.343,0,0,0,0,15.298,10.701,75.947,36.691,0,0,30.918,67.595,51.521,139.74,1899.5
46.37,715.21,991.85,39.423,0,0,88.29,44.439,0,319.66,271.97,0,0,0,64.544,30.375,25.76,30.317,94.058,48.688,50.18,29.633,71.036,0,78.007,54.289,11.953,112.57,157.13,204.68,93.734,27.289,19.558,16.964,7.0776,56.188,7.6232,10.064,10.679,2.602,4.3496,1.2468,1.4198,244.35,389.64,22.167,1.6914,5.2991,3.0682,116.16,1.5072,16,16.623,42.033,21.227,13.687,18.473,19.417,15.339,53.206,893.34,2.5504,4.6683,17.138,78.256,10.425,16.44,22.178,195.26,142.6,188.9,0,331.83,23.69,10.76,786.92,19.688,78.659,306.92,10.309,13.8,9.795,40.533,9.6092,80.445,82.826,24.211,22.065,12.296,49.645,5.7303,42.632,373.21,142.93,260.85,30.318,0,69.911,0,92.79,0,371.3,0,0,58.733,38.86,58.049,0,201.72,27.598,11.992,0,0,70.998,2.216,247.81,6.1378,150.53,2.8881,0,10.73,57.932,16.832,0.38781,2.2992,3.0465,2.4758,22.428,538.81,245.77,603.54,527.02,558.34,638.5,569.75,72.87,86.225,23.018,0,1632.5,0,0,89.798,9.6058,6.7757,8.8523,39.812,0,0,0,0,6.6601,10.293,33.66,16.262,0,0,48.59,41.824,16.474,61.933,1875
16.478,254.15,352.46,25.01,0,0,65.634,5.4613,0,116.49,145.84,0,0,0,29.651,10.794,3.8754,4.561,14.15,18.699,26.908,15.89,38.092,0,41.83,19.784,4.3558,60.362,60.348,109.75,50.263,14.633,7.8735,5.9096,2.6553,28.107,3.8133,5.0343,4.8139,1.1729,2.2404,0.64223,0.73133,125.86,36.473,7.8772,0.76244,2.3887,1.5804,44.156,0.77635,8.2411,8.5624,14.937,7.543,4.8638,6.5645,2.3863,5.4506,18.907,124.85,0.9063,2.5033,6.0903,41.964,3.7045,5.842,7.8811,69.387,50.674,67.126,0,158.09,8.4185,3.8235,354.73,6.9961,27.952,109.07,3.6635,4.9038,3.4807,16.996,3.4147,28.587,29.433,8.6036,7.8408,4.3696,17.642,0.5364,3.9907,132.62,21.503,139.88,29.12,0,10.518,0,12.968,0,356.63,0,336.59,31.495,37.325,31.128,0,108.17,17.508,7.608,0,0,52.78,2.1284,184.22,5.8267,144.59,2.774,0,5.3675,29.84,5.9814,0.13781,1.0364,1.3733,1.2752,11.219,191.47,87.334,214.47,187.28,198.41,226.9,202.47,10.184,36.155,14.603,0,620.54,0,0,13.51,1.4451,5.037,3.1457,14.147,0,0,0,0,0.81849,7.6517,5.064,2.4465,0,0,20.374,14.862,8.4855,9.3175,1407.2
4.7831,73.775,102.31,12.102,0,0,40.876,0,0,43.263,61.19,0,0,0,5.6105,3.1332,0,4.1231e-11,1.2738e-09,7.8907,11.29,6.667,15.982,0,17.551,7.3476,1.6177,25.326,25.465,46.05,21.089,6.1397,0,0,0,5.8026,0.78726,1.0393,2.7313,0.66551,1.2237,0.35078,0.39945,68.744,0.88958,2.2865,0.4326,1.3553,0.8632,12.7,0.42404,4.5013,4.6767,4.3357,2.1895,1.4118,1.9055,0,1.5822,5.4882,0,0.26308,1.0503,1.7678,17.607,1.0753,1.6958,2.2877,20.141,14.709,19.485,0,20.096,2.4437,1.1099,201.27,2.0308,8.1137,31.659,1.0634,1.4234,1.0104,12.994,0.99119,8.298,8.5436,2.4974,2.276,1.2684,5.121,0.013083,0.097333,38.496,0,58.688,14.595,0,5.1792e-10,0,1.202e-11,0,178.74,0,150.79,13.214,18.707,13.06,0,45.384,8.472,3.6814,0,0,32.87,1.0668,114.73,1.2163,72.466,1.3903,0,1.1081,16.298,1.7362,0.040003,0.58807,0.77921,0.69653,2.3162,55.579,25.351,62.255,54.363,57.593,65.862,58.771,0,27.642,7.0662,3.7937,178.48,0,0,7.5919e-10,1.1569e-10,3.137,0.91312,4.1066,0,0,0,0,0,4.7654,0,5.5853e-11,0,0,15.577,4.3142,4.6347,7.2884e-11,1120
2.0901,32.238,44.708,8.4294,0,0,22.369,0,0,11.697,35.391,0,0,0,4.2392,1.3692,0.017736,0.020874,0.064761,3.2315,6.5298,3.856,9.2438,0,10.151,1.9866,0.43737,14.648,10.429,26.634,12.197,3.5511,3.397,1.6746,0.96116,17.348,2.3537,3.1073,1.451,0.35354,0.90678,0.25993,0.296,50.94,0,0.99919,0.22981,0.72,0.63964,5.602,0.31422,3.3355,3.4655,1.8947,0.9568,0.61695,0.83268,0,0.69139,2.3983,0,0.11496,0.60748,0.77252,10.183,0.4699,0.74104,0.99968,8.8014,6.4278,8.5146,0,91.529,1.0679,0.48499,106.92,0.88742,3.5456,13.835,0.4647,0.62202,0.44151,9.2637,0.43314,3.6261,3.7334,1.0913,0.99457,0.55427,2.2378,0,0,16.822,0.098411,33.944,10.417,0,0.048136,0,1.202e-11,0,127.58,0,0,7.6428,13.353,7.5538,0,26.249,5.901,2.5642,0,0,17.988,0.76142,62.786,1.9517,51.724,0.99237,0,3.313,12.077,0.75871,0.017481,0.3124,0.41394,0.51614,6.9247,24.287,11.078,27.205,23.756,25.167,28.781,25.682,0,19.707,4.9218,70.517,78.727,0,0,0.061828,0.0066138,1.7167,0.39902,1.7945,0,0,0,0,0,2.6079,0.023176,0.011196,0,0,11.105,1.8852,3.4344,0.042643,1515
1.3932,21.489,29.801,4.3879,0,0,14.642,0,0,12.453,24.04,0,0,0,3.9609,0.91264,0.20485,0.24109,0.74796,3.3431,4.4355,2.6193,6.279,0,6.8952,2.115,0.46564,9.95,10.789,18.092,8.2853,2.4121,0.31706,0,0,9.9463,1.3494,1.7815,1.8949,0.4617,0.82222,0.23569,0.2684,46.19,0,0.66603,0.30012,0.94026,0.57999,0.30566,0.28492,3.0245,3.1423,1.2629,0.63777,0.41124,0.55504,0,0.46086,1.5986,0,0.076629,0.41264,0.51494,6.9172,0.31322,0.49395,0.66636,5.8667,4.2845,5.6756,0,45.733,0.7118,0.32328,139.63,0.59153,2.3634,9.2218,0.30975,0.41462,0.2943,6.3979,0.28872,2.4171,2.4886,0.72745,0.66295,0.36946,1.4916,0,0,11.213,1.1366,23.057,10.928,0,0.55595,0,1.202e-11,0,133.83,0,0,5.1915,14.007,5.131,0,17.83,3.0717,1.3348,0,0,11.775,0.79872,41.098,3.9882,54.258,1.041,0,1.8995,10.951,0.50573,0.011652,0.40797,0.54057,0.46801,3.9702,16.189,7.3842,18.134,15.835,16.776,19.184,17.119,0,13.61,2.562,147.86,4.2955,0,0,0.71409,0.076387,1.1237,0.26597,1.1962,0,0,0,0,0,1.707,0.26767,0.12931,0,0,7.6698,1.2566,3.1141,0.4925,1392
0.69626,10.739,14.893,2.0982,0,0,20.304,0,0,16.957,13.004,0,0,0,2.0176,0.45609,0.54982,0.64709,2.0076,4.0079,2.3993,1.4169,3.3965,0,3.7298,2.8799,0.63406,5.3823,12.934,9.7864,4.4818,1.3048,2.4405,0.76968,0.59913,15.049,2.0418,2.6956,0.055003,0.013402,0.6429,0.18429,0.20986,36.116,0,0.33285,0.0087116,0.027293,0.4535,0.77548,0.22278,2.3648,2.457,0.63114,0.31872,0.20552,0.27738,0,0.23031,0.79891,0,0.038295,0.22321,0.25734,3.7417,0.15653,0.24685,0.33301,2.9319,2.1412,2.8364,0,77.306,0.35572,0.16156,4.0531,0.29562,1.1811,4.6086,0.1548,0.20721,0.14707,6.9387,0.14429,1.2079,1.2437,0.36354,0.33131,0.18464,0.74544,0,0,5.6038,3.0507,12.472,2.3883,0,1.4922,0,1.202e-11,0,29.249,0,0,2.8083,3.0612,2.7755,0,9.645,1.4688,0.63827,0,0,16.327,0.17456,56.989,3.1962,11.858,0.22751,0,2.874,8.5627,0.25274,0.0058231,0.011842,0.015691,0.36594,6.0071,8.0904,3.6903,9.0624,7.9134,8.3837,9.5873,8.5551,0,14.761,1.2251,0,10.898,0,0,1.9166,0.20503,1.5582,0.13292,0.59779,0,0,0,0,0,2.3671,0.71845,0.34709,0,0,8.3181,0.628,2.435,1.3219,1469
0.76592,11.814,16.383,2.992,0,0,25.239,0,0,22.185,12.113,0,0,0,3.3743,0.50172,0,4.1231e-11,1.2738e-09,4.7795,2.2349,1.3198,3.1638,0,3.4743,3.7678,0.82954,5.0135,15.425,9.1159,4.1747,1.2154,0,0,0,5.5369,0.75121,0.99174,3.0847,0.75162,0.39206,0.11239,0.12798,22.025,0,0.36615,0.48857,1.5307,0.27656,1.5545,0.13586,1.4422,1.4984,0.69428,0.35061,0.22608,0.30513,0,0.25336,0.87884,0,0.042127,0.20792,0.28309,3.4854,0.17219,0.27155,0.36633,3.2252,2.3554,3.1201,0,18.452,0.39131,0.17772,227.31,0.32519,1.2993,5.0696,0.17029,0.22794,0.16179,4.6224,0.15872,1.3288,1.3681,0.39991,0.36446,0.20311,0.82002,0,0,6.1645,0,11.618,1.4097,0,5.1792e-10,0,1.202e-11,0,17.264,0,0,2.6159,1.8068,2.5854,0,8.9841,2.0945,0.91017,0,0,20.296,0.10303,70.839,0.70713,6.9992,0.13429,0,1.0574,5.2219,0.27802,0.0064057,0.66415,0.88002,0.22316,2.2101,8.8999,4.0595,9.969,8.7051,9.2225,10.547,9.411,0,9.8333,1.747,0,21.846,0,0,7.5919e-10,1.1569e-10,1.9369,0.14622,0.6576,0,0,0,0,0,2.9423,0,5.5853e-11,0,0,5.5413,0.69083,1.4849,7.2884e-11,1723
2.0641,31.837,44.151,9.6801,0,0,38.432,23.364,0,57.062,13.43,0,0,0,4.5569,1.3521,13.927,16.391,50.852,9.9275,2.4779,1.4633,3.5078,0,3.852,9.6911,2.1337,5.5586,32.039,10.107,4.6286,1.3475,0,0,0,4.1799,0.5671,0.74868,1.2498,0.30453,0.044385,0.012723,0.014488,2.4934,0,0.98674,0.19795,0.62019,0.031309,19.901,0.01538,0.16326,0.16963,1.871,0.94487,0.60927,0.82231,10.209,0.68277,2.3684,5.0614,0.11353,0.23052,0.7629,3.8643,0.46404,0.73181,0.98722,8.6917,6.3477,8.4085,0,10.056,1.0546,0.47895,92.098,0.87637,3.5014,13.662,0.45891,0.61427,0.43601,0.89304,0.42774,3.5809,3.6869,1.0777,0.98218,0.54736,2.2099,0,0,16.613,77.275,12.881,1.0245,0,37.798,0,0.52572,0,12.547,0,0,2.9003,1.3132,2.8665,0,9.961,6.7765,2.9447,0,0,30.905,0.074883,107.87,6.8167,5.0869,0.097596,0,0.79823,0.59116,0.74926,0.017263,0.26909,0.35655,0.025264,1.6684,23.984,10.94,26.866,23.46,24.854,28.422,25.362,0.41286,1.8998,5.6521,0,279.68,0,0,48.549,5.1934,2.9494,0.39405,1.7722,0,0,0,0,3.5016,4.4805,18.198,8.7918,0,0,1.0706,1.8618,0.16811,33.484,1638
6.1449,94.78,131.44,15.154,0,0,42.714,123.82,0,234.69,25.983,0,0,0,8.5433,4.0253,70.332,82.774,256.8,36.146,4.794,2.831,6.7865,0,7.4525,39.859,8.7755,10.754,116.65,19.554,8.955,2.6071,8.8514,6.8347,3.0254,30.457,4.1321,5.4552,0.14052,0.03424,0.21715,0.062248,0.070884,12.199,0,2.9376,0.022257,0.06973,0.15318,38.745,0.075248,0.79877,0.82991,5.5702,2.8129,1.8138,2.448,54.105,2.0327,7.0509,0,0.33798,0.446,2.2712,7.4763,1.3815,2.1786,2.939,25.876,18.897,25.033,0,172.63,3.1395,1.4259,10.355,2.609,10.424,40.673,1.3662,1.8287,1.298,0,1.2734,10.661,10.976,3.2085,2.924,1.6295,6.579,0,0,49.457,390.24,24.921,2.3214,0,190.88,0,1.202e-11,0,28.43,0,0,5.6111,2.9755,5.5458,0,19.271,10.609,4.6098,0,0,34.349,0.16968,119.89,2.3477,11.526,0.22114,0,5.8163,2.8922,2.2306,0.051393,0.030255,0.040089,0.1236,12.157,71.403,32.569,79.981,69.841,73.992,84.614,75.504,0,0,8.8482,0,544.49,0,0,245.17,26.227,3.2781,1.1731,5.2759,0,0,0,0,18.558,4.9797,91.902,44.399,0,0,0,5.5425,0.82246,169.1,1990
11.135,171.74,238.17,25.704,0,0,45.714,323.76,0,240.69,149.62,0,0,0,39.158,7.2938,182.59,214.89,666.69,37.032,27.606,16.302,39.079,0,42.914,40.878,8.9999,61.927,119.51,112.6,51.566,15.013,67.293,62.123,25.143,170.91,23.187,30.612,41.96,10.224,10.998,3.1527,3.5901,617.84,100.52,5.3229,6.6458,20.821,7.758,94.867,3.8111,40.455,42.032,10.093,5.0971,3.2867,4.4359,141.47,3.6832,12.776,209.21,0.61242,2.5682,4.1154,43.051,2.5033,3.9477,5.3255,46.887,34.242,45.359,0,1041.6,5.6887,2.5837,3092,4.7275,18.888,73.701,2.4756,3.3137,2.352,0,2.3074,19.317,19.889,5.8138,5.2983,2.9527,11.921,1.4783,10.998,89.617,1013.1,143.5,3.3098,0,495.54,0,21.73,0,40.534,0,0,32.311,4.2423,31.935,0,110.97,17.994,7.8192,0,0,36.761,0.24191,128.31,8.8532,16.433,0.31529,0,32.638,146.48,4.0418,0.093124,9.0342,11.971,6.2601,68.219,129.38,59.015,144.93,126.55,134.07,153.32,136.81,17.065,0,15.008,0,1333.2,0,0,636.49,68.087,3.5083,2.1257,9.56,0,0,0,0,48.522,5.3294,238.59,115.26,0,0,0,10.043,41.655,438.99,2040
43.715,674.26,935.06,44.487,0,0,105.17,277.41,0,372.3,276.07,0,0,0,122.41,28.636,156.57,184.26,571.68,56.458,50.936,30.079,72.107,0,79.183,63.23,13.921,114.26,182.2,207.76,95.147,27.701,127.16,118.76,47.799,314.77,42.706,56.38,94.154,22.941,17.824,5.1093,5.8182,1001.3,250.86,20.898,14.913,46.721,12.573,162.75,6.1764,65.564,68.119,39.626,20.011,12.903,17.415,121.22,14.46,50.16,836.82,2.4044,4.7387,16.157,79.436,9.8278,15.499,20.908,184.08,134.44,178.08,0,1931.7,22.334,10.144,6938.1,18.56,74.155,289.35,9.7191,13.01,9.2341,0,9.059,75.839,78.084,22.825,20.801,11.592,46.803,3.6893,27.448,351.84,868.72,264.78,13.226,0,424.92,0,86.919,0,161.97,0,0,59.618,16.952,58.924,0,204.76,31.143,13.533,0,0,84.576,0.96667,295.2,6.5621,65.667,1.2599,0,60.112,237.4,15.868,0.36561,20.272,26.861,10.145,125.64,507.96,231.69,568.98,496.85,526.37,601.94,537.13,68.259,0,25.975,0,2287.2,0,0,545.79,58.383,8.0714,8.3454,37.533,0,0,0,0,41.576,12.261,204.59,98.837,0,0,0,39.429,67.508,376.43,2397
47.616,734.43,1018.5,36.727,0,0,83.576,62.074,0,372.3,324.34,0,0,0,86.154,31.191,35.661,41.97,130.21,56.458,59.842,35.339,84.715,0,93.027,63.23,13.921,134.24,182.2,244.09,111.78,32.544,50.218,45.969,18.681,129.87,17.62,23.262,34.973,8.5214,7.2489,2.0779,2.3662,407.22,353.16,22.763,5.5391,17.354,5.1133,330.53,2.5119,26.664,27.704,43.162,21.797,14.055,18.969,27.123,15.751,54.636,803.92,2.6189,5.5673,17.599,93.325,10.705,16.882,22.774,200.51,146.43,193.97,0,787.71,24.327,11.049,2577.1,20.217,80.772,315.17,10.586,14.17,10.058,25.791,9.8673,82.607,85.051,24.862,22.658,12.627,50.979,5.1938,38.641,383.23,197.87,311.08,13.612,0,96.784,0,83.502,0,166.7,0,0,70.043,17.447,69.226,0,240.56,25.711,11.172,0,0,67.208,0.9949,234.58,23.759,67.584,1.2967,0,24.802,96.547,17.284,0.39823,7.5297,9.9772,4.126,51.839,553.29,252.37,619.75,541.18,573.34,655.66,585.06,65.576,54.866,21.444,0,4645,0,0,124.31,13.298,6.4139,9.0901,40.882,0,0,0,0,9.3031,9.7434,46.599,22.512,0,0,30.918,42.948,27.455,85.74,2080
24.302,374.83,519.81,34.768,0,0,87.371,58.832,0,176.6,153.44,0,0,0,48.017,15.919,33.841,39.828,123.57,27.572,28.31,16.718,40.077,0,44.01,29.993,6.6034,63.508,88.982,115.47,52.883,15.396,36.325,32.826,13.423,96.484,13.09,17.282,15.255,3.7169,6.6977,1.9199,2.1863,376.26,229.51,11.617,2.4161,7.5697,4.7246,283.63,2.3209,24.637,25.597,22.029,11.124,7.1732,9.6814,25.707,8.0386,27.884,512.05,1.3366,2.6338,8.982,44.151,5.4634,8.6159,11.623,102.33,74.734,98.997,0,581.14,12.416,5.6389,1124.1,10.318,41.224,160.85,5.4029,7.2321,5.1333,40.533,5.036,42.16,43.408,12.689,11.564,6.4443,26.018,3.3753,25.112,195.59,187.77,147.17,16.866,0,91.844,0,53.186,0,206.55,0,0,33.136,21.618,32.75,0,113.81,24.339,10.576,0,0,70.259,1.2327,245.23,15.189,83.74,1.6066,0,18.425,89.207,8.8213,0.20324,3.2844,4.3519,3.8123,38.512,282.38,128.8,316.3,276.2,292.62,334.63,298.6,41.768,86.225,20.3,0,3985.9,0,0,117.97,12.619,6.7051,4.6393,20.865,0,0,0,0,8.8172,10.186,44.22,21.363,0,0,48.59,21.919,25.368,81.363,1930
9.4746,146.14,202.66,12.386,0,0,45.558,13.564,0,137.1,80.691,0,0,0,13.261,6.2063,8.4247,9.9151,30.761,21.741,14.888,8.7917,21.076,0,23.144,23.284,5.1264,33.397,70.165,60.726,27.81,8.0964,0.77512,0,0,11.047,1.4988,1.9787,3.8448,0.93682,1.227,0.35173,0.40053,68.93,25.798,4.5293,0.60896,1.9079,0.86553,126.44,0.42519,4.5134,4.6894,8.5884,4.3371,2.7966,3.7745,5.9267,3.134,10.871,32.056,0.52111,1.3851,3.5018,23.218,2.13,3.3591,4.5315,39.896,29.137,38.596,0,52.544,4.8406,2.1985,283.32,4.0227,16.072,62.712,2.1065,2.8196,2.0014,16.996,1.9634,16.437,16.923,4.947,4.5084,2.5125,10.144,0.3794,2.8227,76.255,46.745,77.391,20.716,0,22.864,0,3.3296,0,253.7,0,568.76,17.426,26.552,17.223,0,59.848,8.6708,3.7678,0,0,36.635,1.5141,127.87,6.3641,102.86,1.9734,0,2.1097,16.342,3.4392,0.079239,0.8278,1.0969,0.69841,4.4096,110.09,50.216,123.32,107.68,114.08,130.46,116.42,2.6148,36.155,7.232,0,1776.9,0,0,29.368,3.1416,3.4962,1.8087,8.1346,0,0,0,0,2.0328,5.3112,11.009,5.3183,0,0,20.374,8.5457,4.6473,20.255,1935
2.2558,34.793,48.251,3.9255,0,0,27.194,0,0,43.042,14.511,0,0,0,2.6705,1.4777,0.60659,0.7139,2.2149,7.8581,2.6773,1.5811,3.7901,0,4.1621,7.31,1.6094,6.006,25.36,10.921,5.0012,1.456,0,0,0,5.8026,0.78726,1.0393,1.8854,0.45938,0.80293,0.23016,0.2621,45.106,0,1.0784,0.29861,0.93555,0.56638,24.672,0.27823,2.9535,3.0686,2.0448,1.0326,0.66585,0.89867,0,0.74618,2.5883,0,0.12407,0.24908,0.83374,4.1754,0.50714,0.79976,1.0789,9.4989,6.9371,9.1893,0,20.096,1.1525,0.52343,138.93,0.95775,3.8265,14.931,0.50152,0.67132,0.4765,12.994,0.46746,3.9135,4.0293,1.1778,1.0734,0.59819,2.4151,0,0,18.155,3.3657,13.918,8.461,0,1.6463,0,1.202e-11,0,103.62,0,654.23,3.1337,10.845,3.0972,0,10.763,2.748,1.1941,0,0,21.868,0.61842,76.327,5.6853,42.01,0.806,0,1.1081,10.694,0.81883,0.018866,0.40592,0.53786,0.45702,2.3162,26.212,11.956,29.361,25.638,27.162,31.061,27.717,0,27.642,2.292,0,346.72,0,0,2.1145,0.2262,2.0869,0.43064,1.9368,0,0,0,0,0,3.1703,0.79263,0.38292,0,0,15.577,2.0346,3.0411,1.4584,1869
3.7514,57.862,80.243,6.6848,0,0,25.505,1.0451,0,22.852,28.724,0,0,0,9.9794,2.4574,1.3959,1.6428,5.0967,4.878,5.2997,3.1296,7.5024,0,8.2386,3.8811,0.85448,11.889,15.743,21.617,9.8996,2.8821,3.338,1.6188,0.93881,17.206,2.3344,3.0819,1.9318,0.47069,0.77791,0.22299,0.25393,43.701,0,1.7934,0.30596,0.95858,0.54874,6.7433,0.26957,2.8615,2.973,3.4006,1.7173,1.1073,1.4945,0.45665,1.2409,4.3045,0,0.20633,0.49305,1.3865,8.265,0.84338,1.33,1.7942,15.797,11.537,15.282,0,90.651,1.9166,0.87047,142.35,1.5928,6.3637,24.831,0.83405,1.1164,0.79243,9.2637,0.7774,6.5082,6.7008,1.9587,1.7851,0.99481,4.0164,0,0,30.193,7.745,27.549,12.04,0,3.7883,0,1.202e-11,0,147.45,0,376.18,6.2031,15.432,6.1308,0,21.304,4.6797,2.0335,0,0,20.51,0.88001,71.587,1.8385,59.78,1.1469,0,3.2859,10.361,1.3617,0.031375,0.41592,0.5511,0.44279,6.8681,43.591,19.883,48.828,42.637,45.171,51.656,46.094,0,19.707,3.9031,32.866,94.765,0,0,4.8659,0.52051,1.9573,0.71617,3.2209,0,0,0,0,0.15663,2.9734,1.824,0.88117,0,0,11.105,3.3837,2.9463,3.356,1180
1.4758,22.763,31.568,8.5134,0,0,23.067,0,0,23.446,40.307,0,0,0,2.3404,0.96675,0.10997,0.12942,0.40152,4.9657,7.4368,4.3917,10.528,0,11.561,3.982,0.87669,16.683,16.026,30.334,13.892,4.0444,0,0,0,8.6635,1.1754,1.5518,0.98211,0.2393,0.38703,0.11094,0.12634,21.742,0,0.70552,0.15555,0.48734,0.27301,0.5216,0.13411,1.4236,1.4791,1.3378,0.67559,0.43563,0.58795,0,0.48818,1.6934,0,0.081173,0.69187,0.54547,11.598,0.33179,0.52324,0.70587,6.2146,4.5386,6.0121,0,37.796,0.754,0.34245,72.371,0.6266,2.5035,9.7686,0.32812,0.43921,0.31175,6.3979,0.30583,2.5604,2.6361,0.77058,0.70226,0.39136,1.5801,0,0,11.878,0.61015,38.659,13.612,0,0.29844,0,1.202e-11,0,166.7,0,0,8.7045,17.447,8.603,0,29.895,5.9598,2.5898,0,0,18.549,0.9949,64.743,1.6971,67.584,1.2967,0,1.6545,5.1548,0.53572,0.012343,0.21145,0.28018,0.22029,3.4581,17.149,7.8221,19.209,16.774,17.771,20.322,18.134,0,13.61,4.9708,202.86,7.3302,0,0,0.38334,0.041006,1.7702,0.28175,1.2671,0,0,0,0,0,2.6891,0.14369,0.069418,0,0,7.6698,1.3312,1.4659,0.26439,1120
0.68457,10.559,14.643,3.6009,0,0,33.709,0,0,30.173,15.026,0,0,0,2.1422,0.44843,0,4.1231e-11,1.2738e-09,5.9586,2.7724,1.6372,3.9247,0,4.3098,5.1244,1.1282,6.2191,19.23,11.308,5.1787,1.5077,1.3053,0,0.16951,12.321,1.6717,2.2069,1.0592,0.25808,0.59257,0.16986,0.19343,33.289,10.675,0.32726,0.16776,0.52559,0.418,0.24714,0.20534,2.1797,2.2647,0.62055,0.31337,0.20207,0.27272,0,0.22645,0.7855,0,0.037652,0.25792,0.25302,4.3235,0.1539,0.24271,0.32742,2.8827,2.1053,2.7887,0,60.427,0.34975,0.15885,78.05,0.29065,1.1613,4.5312,0.1522,0.20373,0.14461,6.9387,0.14186,1.1876,1.2228,0.35744,0.32575,0.18154,0.73293,0.15699,1.168,5.5097,0,14.412,5.5598,0,5.1792e-10,0,1.202e-11,0,68.09,0,0,3.2449,7.1263,3.2071,0,11.145,2.5208,1.0954,0,0,27.107,0.40637,94.615,2.1214,27.605,0.52963,0,2.353,7.8924,0.2485,0.0057254,0.22805,0.30217,0.33729,4.9181,7.9546,3.6283,8.9102,7.7806,8.243,9.4264,8.4115,0,14.761,2.1025,0,3.4732,0,0,7.5919e-10,1.1569e-10,2.587,0.13069,0.58776,0,0,0,0,0,3.9299,0,5.5853e-11,0,0,8.3181,0.61746,2.2444,7.2884e-11,1340
0.4734,7.3017,10.126,6.7806,0,0,40.146,0.23007,0,63.966,31.088,0,0,0,2.5772,0.3101,0.93826,1.1042,3.4259,10.947,5.7359,3.3872,8.1199,0,8.9167,10.864,2.3918,12.867,35.328,23.396,10.714,3.1193,0,0,0,8.608,1.1679,1.5418,2.2576,0.55008,0.53954,0.15466,0.17612,30.31,0,0.22631,0.35757,1.1203,0.38059,0.34754,0.18696,1.9847,2.062,0.42912,0.21671,0.13974,0.1886,0.10053,0.15659,0.54319,0,0.026038,0.53362,0.17497,8.9452,0.10643,0.16784,0.22642,1.9934,1.4558,1.9285,0,37.453,0.24186,0.10985,166.36,0.20099,0.80304,3.1334,0.10525,0.14088,0.099999,4.6224,0.098102,0.82128,0.84559,0.24718,0.22526,0.12554,0.50684,0,0,3.8101,5.206,29.817,3.1141,0,2.5464,0,1.202e-11,0,38.138,0,0,6.7136,3.9915,6.6354,0,23.058,4.7467,2.0627,0,0,32.283,0.22761,112.68,1.6971,15.462,0.29665,0,1.6439,7.1861,0.17184,0.0039592,0.48607,0.64406,0.30711,3.436,5.5008,2.5091,6.1616,5.3805,5.7002,6.5186,5.8167,0,9.8333,3.9591,91.953,4.8841,0,0,3.2707,0.34988,3.0809,0.090375,0.40645,0,0,0,0,0.034481,4.6802,1.226,0.5923,0,0,5.5413,0.42699,2.0435,2.2558,1292
1.9663,30.329,42.06,21.495,0,0,88.368,10.531,0,187.89,39.663,0,0,0,4.0221,1.2881,6.7221,7.9113,24.545,29.238,7.318,4.3215,10.36,0,11.376,31.91,7.0256,16.416,94.36,29.849,13.67,3.9797,0,0,0,4.9184,0.66729,0.88095,1.8767,0.45727,0.15022,0.043062,0.049036,8.439,0,0.94,0.29724,0.93124,0.10597,11.688,0.052055,0.55257,0.57411,1.7824,0.90013,0.58041,0.78336,4.6017,0.65044,2.2562,0,0.10815,0.68081,0.72677,11.413,0.44207,0.69715,0.94047,8.2801,6.047,8.0103,0,14.625,1.0046,0.45627,138.29,0.83486,3.3356,13.015,0.43717,0.58518,0.41536,0.89304,0.40748,3.4113,3.5123,1.0267,0.93567,0.52144,2.1052,0,0,15.826,37.298,38.041,2.2607,0,18.244,0,1.202e-11,0,27.686,0,0,8.5654,2.8976,8.4656,0,29.418,15.048,6.5388,0,0,71.061,0.16523,248.03,3.7619,11.225,0.21535,0,0.93926,2.0008,0.71377,0.016445,0.40405,0.53538,0.085506,1.9632,22.849,10.422,25.593,22.349,23.677,27.076,24.161,0,1.8998,12.551,0,164.25,0,0,23.433,2.5067,6.7817,0.37539,1.6883,0,0,0,0,1.5784,10.302,8.7838,4.2435,0,0,1.0706,1.7736,0.56896,16.162,1780
12.478,192.46,266.9,27.209,0,0,97.92,162.25,0,250.35,115.75,0,0,0,20.632,8.1736,91.905,108.16,335.57,38.458,21.356,12.612,30.233,0,33.199,42.518,9.3611,47.908,124.11,87.11,39.893,11.614,14.522,12.199,5.1714,44.084,5.9809,7.896,6.1985,1.5103,1.6193,0.46419,0.5286,90.97,0,5.965,0.98174,3.0758,1.1423,50.425,0.56114,5.9566,6.1888,11.311,5.7119,3.6831,4.971,70.894,4.1275,14.317,26.994,0.6863,1.9868,4.6118,33.306,2.8052,4.4239,5.9679,52.543,38.373,50.831,0,256.94,6.3749,2.8953,456.76,5.2978,21.167,82.591,2.7742,3.7134,2.6358,0,2.5858,21.647,22.288,6.5151,5.9375,3.3089,13.359,0,0,100.43,509.94,111.02,2.6586,0,249.43,0,2.8038,0,32.559,0,0,24.997,3.4076,24.705,0,85.851,19.048,8.277,0,0,78.742,0.19432,274.84,3.7619,13.2,0.25326,0,8.4186,21.568,4.5294,0.10436,1.3346,1.7683,0.92173,17.596,144.99,66.134,162.41,141.82,150.25,171.82,153.32,2.2019,0,15.887,0,708.64,0,0,320.38,34.271,7.5147,2.3821,10.713,0,0,0,0,24.316,11.416,120.09,58.017,0,0,0,11.255,6.1332,220.96,1282.8
18.818,290.25,402.51,33.187,0,0,86.309,425.96,0,586.17,122.88,0,0,0,63.677,12.327,239.97,282.43,876.22,88.026,22.672,13.388,32.095,0,35.245,99.552,21.918,50.859,284.08,92.476,42.35,12.33,64.939,59.896,24.253,165.25,22.42,29.599,55.244,13.461,7.4262,2.1287,2.4241,417.18,64.94,8.9958,8.7498,27.413,5.2384,128.55,2.5733,27.316,28.381,17.058,8.6141,5.5545,7.4967,186.12,6.2246,21.592,281.75,1.035,2.1092,6.9551,35.357,4.2305,6.6716,9.0002,79.24,57.87,76.657,0,1006.6,9.614,4.3664,4070.9,7.9896,31.921,124.55,4.1837,5.6001,3.975,0,3.8996,32.646,33.612,9.8253,8.9542,4.9901,20.147,0.95505,7.1054,151.45,1331.5,117.86,5.3734,0,651.28,0,29.265,0,65.807,0,0,26.536,6.8874,26.227,0,91.139,23.232,10.095,0,0,69.405,0.39275,242.25,7.8349,26.68,0.51187,0,31.558,98.908,6.8307,0.15738,11.894,15.76,4.227,65.961,218.66,99.736,244.93,213.87,226.59,259.11,231.22,22.982,0,19.377,0,1806.6,0,0,836.53,89.485,6.6236,3.5924,16.156,0,0,0,0,63.839,10.062,313.57,151.49,0,0,0,16.973,28.126,576.96,1935.5
62.188,959.19,1330.2,60.763,0,0,128.19,397.87,0,569.99,408.85,0,0,0,180.92,40.737,224.2,263.87,818.64,85.638,75.435,44.546,106.79,0,117.27,96.804,21.313,169.22,276.38,307.69,140.91,41.024,115.76,107.98,43.488,287.39,38.991,51.476,106.7,25.998,9.8718,2.8298,3.2224,554.57,378.07,29.729,16.899,52.945,6.9636,224.84,3.4208,36.312,37.728,56.372,28.468,18.356,24.775,173.85,20.571,71.356,1284.8,3.4204,7.0179,22.985,117.64,13.981,22.048,29.744,261.87,191.25,253.33,0,1762.3,31.772,14.43,7862.4,26.404,105.49,411.62,13.826,18.507,13.136,0,12.887,107.89,111.08,32.47,29.592,16.491,66.581,5.5602,41.366,500.52,1244,392.13,14.195,0,608.48,0,133.45,0,173.84,0,0,88.293,18.194,87.264,0,303.24,42.537,18.484,0,0,103.09,1.0375,359.81,36.912,70.479,1.3522,0,54.884,131.48,22.574,0.5201,22.972,30.439,5.619,114.72,722.62,329.6,809.42,706.81,748.81,856.31,764.11,104.8,0,35.479,0,3159.7,0,0,781.56,83.604,9.838,11.872,53.393,0,0,0,0,59.63,14.945,292.97,141.53,0,0,0,56.092,37.389,539.04,2319
76.111,1173.9,1628,44.283,0,0,110.44,251.49,0,581.83,413.31,0,0,0,118.46,49.856,142.01,167.13,518.52,87.385,76.258,45.032,107.95,0,118.55,98.815,21.756,171.07,282.02,311.04,142.45,41.471,99.736,92.816,37.422,248.88,33.766,44.577,33.973,8.2777,11.736,3.3643,3.831,659.31,489.27,36.384,5.3807,16.858,8.2787,338.95,4.0669,43.171,44.853,68.992,34.841,22.466,30.321,109.89,25.176,87.331,1229.9,4.1862,7.0944,28.131,118.92,17.111,26.984,36.402,320.49,234.06,310.05,0,1524,38.885,17.661,2503.4,32.315,129.11,503.78,16.922,22.65,16.077,25.791,15.772,132.04,135.95,39.74,36.216,20.183,81.487,7.1956,53.533,612.57,787.95,396.41,23.071,0,385.41,0,127.75,0,282.54,0,0,89.256,29.571,88.216,0,306.55,31,13.471,0,0,88.807,1.6862,309.97,24.325,114.55,2.1977,0,47.528,156.31,27.628,0.63654,7.3144,9.6918,6.6803,99.341,884.39,403.39,990.63,865.04,916.45,1048,935.18,100.32,54.866,25.856,0,4763.3,0,0,495.04,52.955,8.4753,14.53,65.347,0,0,0,0,37.691,12.875,185.56,89.647,0,0,30.918,68.649,44.451,341.43,2120
43.715,674.26,935.06,43.324,0,0,103.44,44.439,0,191.02,365.51,0,0,0,85.527,28.636,25.76,30.317,94.058,29.7,67.438,39.824,95.468,0,104.84,32.442,7.1426,151.28,95.851,275.07,125.97,36.675,39.324,35.663,14.558,103.69,14.068,18.572,12.237,2.9816,6.4815,1.8579,2.1157,364.11,290,20.898,1.9381,6.0721,4.572,247.8,2.246,23.841,24.771,39.626,20.011,12.903,17.415,19.417,14.46,50.16,571.1,2.4044,6.2739,16.157,105.17,9.8278,15.499,20.908,184.08,134.44,178.08,0,625.73,22.334,10.144,901.71,18.56,74.155,289.35,9.7191,13.01,9.2341,40.533,9.059,75.839,78.084,22.825,20.801,11.592,46.803,4.2649,31.73,351.84,142.93,350.56,24.322,0,69.911,0,59.319,0,297.86,0,0,78.933,31.174,78.014,0,271.1,30.329,13.179,0,0,83.177,1.7777,290.32,19.121,120.76,2.3169,0,19.802,86.326,15.868,0.36561,2.6346,3.4909,3.6892,41.389,507.96,231.69,568.98,496.85,526.37,601.94,537.13,46.585,86.225,25.296,0,3482.4,0,0,89.798,9.6058,7.938,8.3454,37.533,0,0,0,0,6.6601,12.059,33.66,16.262,0,0,48.59,39.429,24.548,61.933,1905.4
16.744,258.26,358.15,18.748,0,0,39.358,12.153,0,98.548,120.95,0,0,0,30.728,10.968,7.6324,8.9827,27.869,16.051,22.316,13.178,31.591,0,34.691,16.737,3.6849,50.06,51.801,91.023,41.685,12.136,3.4952,1.7675,0.99832,17.584,2.3857,3.1496,5.492,1.3382,1.5985,0.45821,0.52178,89.797,41.81,8.0043,0.86985,2.7252,1.1276,110.96,0.5539,5.8798,6.109,15.178,7.6648,4.9423,6.6705,5.3101,5.5386,19.212,82.67,0.92093,2.0761,6.1886,34.802,3.7643,5.9364,8.0083,70.507,51.492,68.209,0,92.989,8.5544,3.8852,404.7,7.109,28.403,110.83,3.7226,4.983,3.5369,16.996,3.4698,29.048,29.908,8.7425,7.9674,4.4402,17.927,0.61489,4.5746,134.76,42.349,116,14.595,0,20.714,0,8.5868,0,178.74,0,941.68,26.12,18.707,25.815,0,89.708,13.124,5.7031,0,0,31.65,1.0668,110.47,24.127,72.466,1.3903,0,3.3581,21.29,6.0779,0.14004,1.1824,1.5668,0.90984,7.0189,194.56,88.744,217.93,190.3,201.61,230.56,205.73,6.7434,36.155,10.947,0,1559.4,0,0,26.606,2.8461,3.0205,3.1965,14.376,0,0,0,0,1.8213,4.5884,9.9733,4.8182,0,0,20.374,15.102,6.0541,18.35,1079
6.77,104.42,144.81,16.229,0,0,58.024,5.0135,0,16.604,85.684,0,0,0,14.574,4.4347,3.624,4.2651,13.232,3.9558,15.809,9.3358,22.38,0,24.576,2.8199,0.62086,35.464,12.766,64.483,29.531,8.5974,0.034122,0,0,9.2664,1.2572,1.6597,2.779,0.67712,1.2155,0.34843,0.39678,68.284,0,3.2364,0.44015,1.379,0.85742,31.869,0.4212,4.4711,4.6454,6.1368,3.0991,1.9983,2.6971,2.1907,2.2394,7.7681,0,0.37236,1.4708,2.5022,24.655,1.522,2.4002,3.238,28.508,20.82,27.579,0,41.526,3.4588,1.5709,204.78,2.8744,11.484,44.811,1.5052,2.0147,1.4301,12.994,1.4029,11.745,12.093,3.5348,3.2214,1.7953,7.2482,0,0,54.488,20.108,82.18,22.273,0,9.8354,0,1.202e-11,0,272.77,0,843.62,18.504,28.548,18.288,0,63.551,11.361,4.9369,0,0,46.66,1.6279,162.86,3.1114,110.59,2.1217,0,1.7696,16.189,2.4575,0.05662,0.59832,0.7928,0.69187,3.6987,78.666,35.882,88.117,76.945,81.518,93.221,83.184,0,27.642,9.4759,126.03,447.87,0,0,12.633,1.3514,4.4529,1.2924,5.8126,0,0,0,0,0.75138,6.7645,4.7355,2.2877,0,0,15.577,6.1063,4.6037,8.713,1560
4.5369,69.977,97.043,10.519,0,0,31.096,0,0,36.009,39.687,0,0,0,9.9095,2.9719,0,4.1231e-11,1.2738e-09,6.82,7.3224,4.3241,10.366,0,11.383,6.1156,1.3464,16.426,22.01,29.867,13.678,3.9821,4.1066,2.3459,1.2297,19.054,2.5851,3.4128,1.0881,0.26513,1.6662,0.47763,0.5439,93.604,0,2.1688,0.17234,0.53994,1.1754,4.5236,0.57739,6.1291,6.368,4.1125,2.0768,1.3392,1.8074,0,1.5007,5.2057,5.905,0.24953,0.68122,1.6768,11.419,1.02,1.6085,2.1699,19.104,13.952,18.482,0,102.08,2.3179,1.0527,80.182,1.9262,7.696,30.03,1.0087,1.3502,0.95834,9.2637,0.94016,7.8708,8.1037,2.3688,2.1588,1.2031,4.8573,0,0,36.515,0,38.064,18.07,0,5.1792e-10,0,0.61334,0,221.3,0,801.08,8.5706,23.161,8.4707,0,29.436,7.3638,3.1999,0,0,25.006,1.3208,87.279,3.8468,89.72,1.7214,0,3.6387,22.192,1.6468,0.037944,0.23427,0.31042,0.94842,7.6054,52.717,24.046,59.05,51.564,54.628,62.471,55.745,0.48167,19.707,6.1419,104.39,63.572,0,0,7.5919e-10,1.1569e-10,2.3864,0.86611,3.8952,0,0,0,0,0,3.6252,0,5.5853e-11,0,0,11.105,4.0921,6.3108,7.2884e-11,1665
1.2058,18.598,25.792,3.9185,0,0,13.249,0,0,10.821,15.49,0,0,0,2.2879,0.78986,0,4.1231e-11,1.2738e-09,3.1022,2.858,1.6877,4.0458,0,4.4428,1.8378,0.40462,6.4112,10.012,11.657,5.3386,1.5542,1.0519,0,0.073629,11.712,1.5891,2.0979,0.98211,0.2393,0.72001,0.20639,0.23503,40.448,0,0.57643,0.15555,0.48734,0.50789,0.7986,0.2495,2.6485,2.7517,1.093,0.55197,0.35592,0.48037,0,0.39886,1.3836,0,0.066321,0.26588,0.44567,4.4571,0.27108,0.4275,0.57671,5.0775,3.7082,4.912,0,56.66,0.61604,0.27979,72.371,0.51195,2.0454,7.9812,0.26808,0.35885,0.25471,6.3979,0.24988,2.0919,2.1538,0.62959,0.57377,0.31976,1.291,0,0,9.7048,0,14.857,5.1455,0,5.1792e-10,0,1.202e-11,0,63.016,0,0,3.3451,6.5952,3.3062,0,11.489,2.7431,1.192,0,0,10.654,0.37609,37.186,1.8951,25.548,0.49016,0,2.2367,9.5897,0.4377,0.010085,0.21145,0.28018,0.40983,4.6751,14.011,6.3909,15.694,13.705,14.519,16.604,14.816,0,13.61,2.288,250.87,11.223,0,0,7.5919e-10,1.1569e-10,1.0167,0.23019,1.0353,0,0,0,0,0,1.5445,0,5.5853e-11,0,0,7.6698,1.0876,2.727,7.2884e-11,1180
1.5562,24.003,33.287,2.8038,0,0,38.065,0.59334,0,17.254,18.885,0,0,0,2.7032,1.0194,1.1422,1.3443,4.1706,4.0517,3.4844,2.0576,4.9326,0,5.4166,2.9303,0.64516,7.8164,13.076,14.212,6.5087,1.8949,0,0,0,7.2796,0.98764,1.3039,0.10687,0.026041,0.25817,0.074005,0.084272,14.503,0,0.74394,0.016927,0.053033,0.18211,0.19531,0.08946,0.94964,0.98665,1.4106,0.71237,0.45935,0.61997,0.25926,0.51477,1.7856,0,0.085593,0.32416,0.57518,5.4339,0.34986,0.55173,0.7443,6.553,4.7857,6.3395,0,29.234,0.79506,0.3611,7.8755,0.66072,2.6398,10.301,0.34599,0.46312,0.32872,6.9387,0.32249,2.6998,2.7797,0.81254,0.7405,0.41268,1.6661,0,0,12.525,6.3377,18.113,4.6926,0,3.1,0,1.202e-11,0,57.469,0,0,4.0783,6.0147,4.0308,0,14.007,1.9628,0.85292,0,0,30.61,0.34299,106.84,1.98,23.299,0.44702,0,1.3902,3.4385,0.56489,0.013015,0.023011,0.03049,0.14695,2.9057,18.083,8.248,20.255,17.687,18.738,21.428,19.121,0,14.761,1.6371,3.7321,2.7448,0,0,3.9818,0.42593,2.9212,0.29709,1.3361,0,0,0,0,0.088925,4.4377,1.4925,0.72106,0,0,8.3181,1.4036,0.9778,2.7462,1305
0.7706,11.886,16.483,8.499,0,0,40.876,0,0,34.833,28.234,0,0,0,1.8595,0.50478,0,4.1231e-11,1.2738e-09,6.6464,5.2093,3.0763,7.3745,0,8.0981,5.9159,1.3025,11.686,21.45,21.248,9.7308,2.833,0,0,0,8.9231,1.2106,1.5982,1.8233,0.44427,0.35881,0.10286,0.11713,20.157,0,0.36838,0.28879,0.90478,0.25311,0.74886,0.12434,1.3199,1.3713,0.69852,0.35275,0.22746,0.30699,0,0.2549,0.8842,0,0.042384,0.48463,0.28481,8.124,0.17324,0.27321,0.36856,3.2449,2.3698,3.1392,0,39.402,0.3937,0.17881,134.36,0.32718,1.3072,5.1006,0.17133,0.22933,0.16278,4.6224,0.15969,1.3369,1.3764,0.40235,0.36668,0.20435,0.82503,0,0,6.2021,0,27.079,2.1222,0,5.1792e-10,0,1.202e-11,0,25.99,0,0,6.0973,2.7201,6.0262,0,20.941,5.9497,2.5854,0,0,32.87,0.15511,114.73,4.4973,10.537,0.20216,0,1.704,4.779,0.27972,0.0064448,0.39257,0.52017,0.20424,3.5617,8.9542,4.0842,10.03,8.7583,9.2788,10.611,9.4684,0,9.8333,4.9624,0,10.524,0,0,7.5919e-10,1.1569e-10,3.137,0.14711,0.66161,0,0,0,0,0,4.7654,0,5.5853e-11,0,0,5.5413,0.69505,1.359,7.2884e-11,924
2.7663,42.667,59.17,15.582,0,0,80.772,16.912,0,87.563,56.714,0,0,0,5.5347,1.812,10.305,12.128,37.626,14.43,10.464,6.1793,14.813,0,16.267,14.871,3.2742,23.473,46.568,42.681,19.546,5.6906,0,0,0,7.1314,0.96754,1.2773,2.1652,0.52756,0.74048,0.21226,0.24171,41.598,1.7792,1.3224,0.34293,1.0744,0.52233,15.018,0.25659,2.7238,2.83,2.5075,1.2663,0.81652,1.102,7.3899,0.91504,3.1741,0,0.15215,0.97349,1.0224,16.319,0.6219,0.98075,1.3231,11.648,8.507,11.269,0,28.317,1.4133,0.64187,159.55,1.1745,4.6925,18.31,0.61502,0.82323,0.58433,0.89304,0.57325,4.7991,4.9411,1.4443,1.3163,0.73356,2.9617,0.026166,0.19467,22.264,57.177,54.395,2.2759,0,27.967,0,1.202e-11,0,27.873,0,0,12.248,2.9172,12.105,0,42.064,10.908,4.74,0,0,64.953,0.16635,226.71,5.7419,11.3,0.21681,0,1.3619,9.8624,1.0041,0.023135,0.46617,0.61769,0.42148,2.8466,32.143,14.661,36.005,31.44,33.309,38.091,33.989,0,1.8998,9.0981,0,211.05,0,0,35.922,3.8426,6.1987,0.52809,2.375,0,0,0,0,2.5347,9.4166,13.465,6.5052,0,0,1.0706,2.4951,2.8046,24.776,1708
13.924,214.77,297.84,35.501,0,0,98.476,164.13,0,225.88,200.84,0,0,0,18.595,9.1212,92.964,109.41,339.44,34.846,37.056,21.883,52.458,0,57.605,38.362,8.4461,83.126,112.46,151.15,69.219,20.152,3.9862,2.232,1.1842,18.764,2.5458,3.361,3.3116,0.8069,1.2237,0.35078,0.39945,68.744,1.7792,6.6565,0.52451,1.6433,0.8632,39.739,0.42404,4.5013,4.6767,12.622,6.3741,4.1101,5.5472,71.718,4.606,15.977,82.67,0.76585,3.4474,5.1465,57.789,3.1304,4.9367,6.6598,58.634,42.821,56.723,0,100.29,7.1139,3.231,244.03,5.9119,23.62,92.165,3.0958,4.1439,2.9413,0,2.8855,24.157,24.872,7.2703,6.6257,3.6925,14.908,0.026166,0.19467,112.07,515.82,192.63,3.3955,0,252.3,0,8.5868,0,41.584,0,0,43.372,4.3522,42.867,0,148.96,24.852,10.799,0,0,79.189,0.24818,276.4,6.4773,16.859,0.32346,0,3.5834,16.298,5.0544,0.11645,0.713,0.94475,0.69653,7.4899,161.8,73.8,181.23,158.26,167.66,191.73,171.09,6.7434,0,20.728,0,558.46,0,0,324.07,34.666,7.5574,2.6582,11.955,0,0,0,0,24.599,11.48,121.48,58.686,0,0,0,12.559,4.6347,223.51,1767
30.718,473.8,657.06,47.695,0,0,109.33,304.34,0,561.93,214.29,0,0,0,69.803,20.122,171.69,202.06,626.89,84.448,39.537,23.348,55.971,0,61.463,95.435,21.012,88.693,272.54,161.27,73.854,21.502,65.901,60.806,24.617,167.56,22.734,30.013,50.345,12.267,12.803,3.67,4.1792,719.22,146.78,14.685,7.9739,24.982,9.031,66.831,4.4364,47.094,48.929,27.845,14.062,9.0672,12.238,132.98,10.161,35.247,361.05,1.6895,3.6783,11.354,61.659,6.9059,10.891,14.692,129.35,94.467,125.14,0,1020.9,15.694,7.1278,3709.9,13.042,52.108,203.32,6.8295,9.1417,6.4888,0,6.3657,53.292,54.869,16.039,14.617,8.1459,32.888,2.1587,16.06,247.23,952.62,205.53,6.8403,0,465.96,0,37.502,0,83.772,0,0,46.277,8.7676,45.738,0,158.94,33.389,14.509,0,0,87.916,0.49997,306.86,7.4955,33.963,0.65161,0,31.999,170.52,11.151,0.25691,10.84,14.363,7.2873,66.884,356.94,162.81,399.82,349.13,369.88,422.98,377.44,29.451,0,27.848,0,939.2,0,0,598.5,64.022,8.3902,5.8643,26.374,0,0,0,0,45.612,12.746,224.34,108.38,0,0,0,27.707,48.49,412.78,1850
64.956,1001.9,1389.4,48.487,0,0,130.69,440.09,0,617.11,487.14,0,0,0,124.21,42.549,247.9,291.76,905.17,92.593,89.88,53.077,127.24,0,139.72,104.81,23.075,201.62,298.82,366.61,167.89,48.879,142.65,133.42,53.664,352.01,47.759,63.051,99.372,24.213,13.945,3.9974,4.552,783.38,314.02,31.052,15.739,49.31,9.8367,119.05,4.8322,51.295,53.294,58.88,29.735,19.173,25.877,192.3,21.486,74.532,1213.1,3.5726,8.3617,24.008,140.17,14.603,23.029,31.067,273.52,199.76,264.61,0,2162.1,33.186,15.072,7322.6,27.579,110.19,429.94,14.442,19.331,13.721,0,13.461,112.69,116.02,33.915,30.909,17.225,69.544,4.6182,34.358,522.79,1375.5,467.22,15.561,0,672.8,0,126,0,190.57,0,0,105.2,19.945,103.97,0,361.31,33.943,14.75,0,0,105.1,1.1374,366.83,5.9964,77.262,1.4823,0,67.224,185.73,23.579,0.54325,21.395,28.349,7.9374,140.51,754.77,344.27,845.45,738.26,782.14,894.42,798.12,98.952,0,28.311,30.013,1673,0,0,864.18,92.442,10.03,12.4,55.769,0,0,0,0,65.956,15.237,323.93,156.49,0,0,0,58.588,52.816,596.02,2418
66.877,1031.5,1430.5,44.146,0,0,112.45,184.36,0,412.64,354.98,0,0,0,95.487,43.808,104.32,122.78,380.91,62.412,65.495,38.677,92.718,0,101.82,70.081,15.429,146.92,201.42,267.15,122.34,35.618,78.201,72.443,29.272,197.12,26.744,35.308,41.96,10.224,13.603,3.8994,4.4404,764.18,282.89,31.97,6.6458,20.821,9.5956,237.31,4.7138,50.037,51.988,60.622,30.614,19.74,26.643,80.556,22.122,76.737,902.62,3.6783,6.0932,24.718,102.14,15.035,23.711,31.986,281.61,205.67,272.44,0,1203.8,34.168,15.518,3092,28.394,113.45,442.66,14.869,19.903,14.127,25.791,13.859,116.02,119.46,34.919,31.823,17.735,71.601,4.1604,30.952,538.26,578.83,340.46,22.602,0,283.12,0,93.753,0,276.8,0,0,76.659,28.97,75.766,0,263.29,30.904,13.429,0,0,90.426,1.652,315.62,21.214,112.22,2.1531,0,37.645,181.18,24.276,0.55932,9.0342,11.971,7.7428,78.683,777.1,354.46,870.46,760.1,805.27,920.88,821.73,73.627,54.866,25.776,0,3335,0,0,363.66,38.901,8.6297,12.767,57.419,0,0,0,0,27.63,13.109,136.32,65.855,0,0,30.918,60.321,51.521,250.81,2066
39.444,608.38,843.7,34.891,0,0,107.29,45.681,0,187.89,364.23,0,0,0,53.487,25.838,26.457,31.138,96.604,29.238,67.202,39.685,95.134,0,104.47,31.91,7.0256,150.75,94.36,274.11,125.53,36.546,23.298,20.502,8.493,65.176,8.8426,11.674,8.2137,2.0013,7.293,2.0906,2.3806,409.7,225.95,18.856,1.3009,4.0758,5.1445,224.84,2.5272,26.827,27.872,35.755,18.056,11.643,15.714,19.96,13.047,45.259,337.43,2.1695,6.252,14.579,104.8,8.8676,13.984,18.865,166.09,121.3,160.68,0,387.44,20.152,9.1524,605.26,16.747,66.91,261.08,8.7695,11.738,8.3319,40.533,8.1739,68.429,70.455,20.595,18.769,10.46,42.23,3.323,24.722,317.46,146.8,349.34,22.489,0,71.804,0,35.048,0,275.42,0,298.47,78.657,28.825,77.74,0,270.15,24.425,10.614,0,0,86.277,1.6438,301.14,42.428,111.66,2.1423,0,12.447,97.135,14.318,0.32988,1.7684,2.3432,4.1512,26.016,458.33,209.06,513.39,448.3,474.94,543.13,484.65,27.524,86.225,20.372,2.14,3159.7,0,0,92.229,9.8659,8.2338,7.53,33.865,0,0,0,0,6.8462,12.508,34.572,16.702,0,0,48.59,35.577,27.622,63.61,2001
14.711,226.9,314.67,20.177,0,0,59.709,15.617,0,43.885,129.65,0,0,0,29.437,9.6366,9.5776,11.272,34.971,7.9826,23.921,14.126,33.863,0,37.186,7.4532,1.6409,53.661,25.762,97.571,44.683,13.009,4.1214,2.3599,1.2353,19.089,2.5899,3.4191,6.555,1.5972,1.8269,0.52369,0.59635,102.63,61.381,7.0326,1.0382,3.2527,1.2887,83.93,0.63306,6.7201,6.982,13.335,6.7342,4.3423,5.8607,6.824,4.8662,16.88,129.91,0.80913,2.2254,5.4373,37.305,3.3073,5.2157,7.0361,61.947,45.241,59.928,0,102.3,7.5159,3.4135,483.03,6.246,24.955,97.373,3.2707,4.378,3.1075,16.996,3.0486,25.522,26.277,7.6811,7.0001,3.9011,15.75,0.90271,6.716,118.4,53.142,124.35,23.578,0,25.993,0,13.494,0,288.76,0,682.76,27.998,30.222,27.672,0,96.161,14.125,6.1378,0,0,48.015,1.7234,167.59,24.947,117.07,2.2461,0,3.6455,24.332,5.34,0.12303,1.4113,1.87,1.0399,7.6196,170.94,77.97,191.48,167.2,177.14,202.57,180.76,10.597,36.155,11.781,0,1179.5,0,0,33.387,3.5715,4.5823,2.8084,12.631,0,0,0,0,2.3406,6.961,12.515,6.0461,0,0,20.374,13.269,6.9193,23.027,1634
3.2946,50.817,70.472,8.6441,0,0,37.791,0.84131,0,20.855,38.988,0,0,0,3.206,2.1582,1.2814,1.5082,4.679,4.5832,7.1935,4.248,10.183,0,11.183,3.5419,0.77981,16.137,14.791,29.341,13.437,3.912,0,0,0,7.1445,0.96931,1.2797,2.0935,0.51011,0.66046,0.18933,0.21559,37.103,4.4479,1.575,0.33158,1.0389,0.46589,17.172,0.22887,2.4295,2.5242,2.9865,1.5082,0.97249,1.3125,0.36761,1.0898,3.7803,15.184,0.18121,0.66923,1.2177,11.218,0.74069,1.1681,1.5758,13.873,10.132,13.421,0,28.398,1.6832,0.76448,154.27,1.3988,5.5888,21.807,0.73249,0.98048,0.69594,12.994,0.68274,5.7157,5.8849,1.7202,1.5677,0.87368,3.5274,0.065414,0.48666,26.517,7.1102,37.394,9.8891,0,3.4778,0,1.5771,0,121.11,0,1136.7,8.4196,12.675,8.3215,0,28.917,6.0513,2.6295,0,0,30.389,0.72281,106.07,6.647,49.101,0.94204,0,1.3644,8.7967,1.1959,0.027554,0.45074,0.59725,0.37594,2.8518,38.283,17.462,42.882,37.445,39.671,45.366,40.482,1.2386,27.642,5.0472,0,241.32,0,0,4.4671,0.47785,2.9002,0.62896,2.8287,0,0,0,0,0.12609,4.4057,1.6745,0.80895,0,0,15.577,2.9716,2.5015,3.0809,1770
1.9281,29.739,41.242,9.4934,0,0,36.551,0,0,31.267,40.658,0,0,0,3.4822,1.263,0.11706,0.13777,0.42742,6.1201,7.5016,4.4299,10.619,0,11.662,5.3102,1.1691,16.828,19.751,30.598,14.013,4.0796,0.31316,0,0,9.937,1.3482,1.7799,1.9054,0.46428,1.0919,0.31301,0.35644,61.342,0,0.92172,0.30179,0.94552,0.77025,5.1512,0.37838,4.0166,4.1732,1.7478,0.88262,0.56912,0.76813,0,0.63779,2.2124,0,0.10605,0.69789,0.71263,11.699,0.43347,0.68359,0.92218,8.1191,5.9294,7.8545,0,45.675,0.98507,0.44739,140.41,0.81863,3.2707,12.762,0.42867,0.5738,0.40728,9.2637,0.39956,3.345,3.444,1.0067,0.91747,0.5113,2.0643,0,0,15.518,0.64951,38.995,8.3965,0,0.31769,0,1.202e-11,0,102.83,0,170.07,8.7803,10.762,8.678,0,30.156,6.6458,2.8879,0,0,29.392,0.61371,102.59,1.0748,41.69,0.79985,0,1.8977,14.543,0.69989,0.016125,0.41025,0.54359,0.62153,3.9664,22.404,10.219,25.096,21.914,23.216,26.549,23.691,0,19.707,5.543,112.74,72.392,0,0,0.40806,0.043651,2.805,0.36809,1.6554,0,0,0,0,0,4.2611,0.15296,0.073896,0,0,11.105,1.7391,4.1357,0.28144,2370
1.0649,16.426,22.779,2.535,0,0,10.803,0,0,20.038,8.3274,0,0,0,0.9108,0.69759,0.5986,0.7045,2.1857,4.4626,1.5364,0.90732,2.175,0,2.3885,3.4032,0.74926,3.4466,14.402,6.2669,2.87,0.83556,1.4161,0,0.21146,12.588,1.7078,2.2546,0.73221,0.17841,0.39527,0.11331,0.12903,22.205,0,0.50909,0.11597,0.36334,0.27882,0.68277,0.13697,1.454,1.5106,0.96534,0.48749,0.31434,0.42426,0,0.35227,1.2219,0.84357,0.058573,0.14294,0.39361,2.3961,0.23942,0.37756,0.50934,4.4844,3.275,4.3382,0,62.075,0.54408,0.24711,53.956,0.45215,1.8065,7.0489,0.23677,0.31693,0.22495,6.3979,0.22069,1.8475,1.9022,0.55604,0.50674,0.2824,1.1402,0,0,8.5711,3.3214,7.9869,5.6376,0,1.6246,0,0.08762,0,69.043,0,0,1.7983,7.226,1.7774,0,6.1764,1.7746,0.77115,0,0,8.6876,0.41206,30.323,0.31114,27.992,0.53705,0,2.4039,5.2645,0.38657,0.0089065,0.15765,0.20889,0.22499,5.0245,12.374,5.6443,13.861,12.104,12.823,14.664,13.085,0.06881,13.61,1.4801,224.01,9.5952,0,0,2.0867,0.22322,0.8291,0.2033,0.91433,0,0,0,0,0,1.2595,0.7822,0.37788,0,0,7.6698,0.96054,1.4971,1.4392,2010
1.0477,16.16,22.41,2.3701,0,0,27.078,0,0,11.697,9.0459,0,0,0,1.8668,0.68629,0,4.1231e-11,1.2738e-09,3.2315,1.669,0.9856,2.3627,0,2.5945,1.9866,0.43737,3.744,10.429,6.8077,3.1176,0.90765,2.0862,0.43457,0.46507,14.198,1.9263,2.5431,0.48568,0.11834,0.36643,0.10504,0.11961,20.585,0,0.50084,0.076924,0.241,0.25848,0.24127,0.12698,1.3479,1.4004,0.9497,0.4796,0.30925,0.41738,0,0.34656,1.2021,0,0.057624,0.15527,0.38723,2.6028,0.23554,0.37145,0.50109,4.4117,3.2219,4.268,0,72.039,0.53526,0.2431,35.789,0.44482,1.7772,6.9347,0.23293,0.31179,0.22131,6.9387,0.21711,1.8176,1.8714,0.54703,0.49853,0.27783,1.1217,0,0,8.4322,0,8.676,2.4129,0,5.1792e-10,0,1.202e-11,0,29.55,0,0,1.9535,3.0927,1.9307,0,6.7093,1.6592,0.72098,0,0,21.775,0.17636,76.002,1.8102,11.98,0.22985,0,2.7114,4.8805,0.3803,0.0087622,0.10457,0.13856,0.20857,5.6673,12.174,5.5529,13.636,11.908,12.615,14.426,12.873,0,14.761,1.3839,143.32,3.3906,0,0,7.5919e-10,1.1569e-10,2.0781,0.20001,0.89952,0,0,0,0,0,3.1568,0,5.5853e-11,0,0,8.3181,0.94498,1.3878,7.2884e-11,2090
0.80561,12.426,17.232,2.4604,0,0,24.734,0,0,46.37,2.8231,0,0,0,4.2698,0.52772,0,4.1231e-11,1.2738e-09,8.3494,0.52087,0.30759,0.73737,0,0.80972,7.8753,1.7339,1.1685,26.946,2.1246,0.97297,0.28327,10.122,8.0366,3.5062,33.51,4.5464,6.0021,1.4202,0.34603,0.83121,0.23827,0.27133,46.695,0.88958,0.38512,0.22493,0.70471,0.58633,0.49546,0.28803,3.0575,3.1767,0.73026,0.36878,0.2378,0.32094,0,0.26648,0.92438,0,0.04431,0.048458,0.29776,0.81231,0.18111,0.28562,0.38531,3.3924,2.4775,3.2818,0,191.52,0.41159,0.18693,104.65,0.34204,1.3666,5.3324,0.17911,0.23975,0.17017,4.6224,0.16695,1.3976,1.439,0.42064,0.38334,0.21363,0.86252,0.013083,0.097333,6.4839,0,2.7077,0.74122,0,5.1792e-10,0,1.202e-11,0,9.0775,0,0,0.60966,0.95005,0.60256,0,2.0939,1.7224,0.74845,0,0,19.89,0.054176,69.422,3.2528,3.6802,0.070609,0,6.3994,11.071,0.29243,0.0067377,0.30577,0.40515,0.47312,13.376,9.3611,4.2698,10.486,9.1563,9.7004,11.093,9.8987,0,9.8333,1.4366,3.9925,6.9628,0,0,7.5919e-10,1.1569e-10,1.8981,0.1538,0.69168,0,0,0,0,0,2.8835,0,5.5853e-11,0,0,5.5413,0.72664,3.1482,7.2884e-11,2418
2.273,35.059,48.619,18.851,0,0,89.544,6.153,0,109.3,66.426,0,0,0,4.9394,1.4889,4.2638,5.0181,15.569,17.638,12.256,7.2375,17.35,0,19.052,18.563,4.0869,27.493,56.923,49.99,22.894,6.6651,0,0,0,4.0897,0.55486,0.73252,2.626,0.63986,0.6103,0.17495,0.19922,34.285,0,1.0866,0.41592,1.3031,0.43051,3.9736,0.21148,2.2449,2.3324,2.0604,1.0405,0.67092,0.90552,2.6886,0.75187,2.6081,0,0.12502,1.1402,0.8401,19.113,0.511,0.80586,1.0871,9.5713,6.99,9.2594,0,9.4979,1.1613,0.52742,193.51,0.96505,3.8557,15.045,0.50535,0.67644,0.48013,0.89304,0.47103,3.9433,4.06,1.1868,1.0816,0.60275,2.4335,0,0,18.294,23.658,63.71,1.7202,0,11.572,0,1.202e-11,0,21.067,0,0,14.345,2.2049,14.178,0,49.268,13.197,5.7345,0,0,72.007,0.12573,251.33,4.1296,8.5411,0.16387,0,0.78101,8.1286,0.82508,0.01901,0.5654,0.74917,0.34738,1.6324,26.412,12.047,29.585,25.834,27.369,31.298,27.928,0,1.8998,11.007,0,55.842,0,0,14.863,1.59,6.8719,0.43393,1.9515,0,0,0,0,0.92217,10.439,5.5715,2.6916,0,0,1.0706,2.0502,2.3115,10.251,2712.5
8.0342,123.92,171.85,28.31,0,0,95.091,105.61,0,348.01,82.491,0,0,0,9.0315,5.2628,60.107,70.741,219.47,52.873,15.22,8.9879,21.546,0,23.66,59.104,13.013,34.142,170.63,62.08,28.43,8.277,0.7797,0,0,11.058,1.5003,1.9807,3.7,0.90154,0.73785,0.21151,0.24085,41.45,0,3.8407,0.58602,1.836,0.52047,48.701,0.25568,2.7141,2.8199,7.2827,3.6778,2.3715,3.2007,46.148,2.6576,9.2186,0,0.44189,1.416,2.9694,23.736,1.8062,2.8484,3.8426,33.831,24.707,32.729,0,52.612,4.1047,1.8642,272.65,3.4111,13.629,53.178,1.7862,2.391,1.6971,0,1.6649,13.938,14.351,4.1949,3.823,2.1305,8.6017,0,0,64.662,333.51,79.118,2.9795,0,163.13,0,1.202e-11,0,36.489,0,0,17.814,3.8189,17.607,0,61.183,19.818,8.6119,0,0,76.468,0.21777,266.9,5.3176,14.794,0.28383,0,2.1118,9.8273,2.9163,0.067193,0.79663,1.0556,0.41998,4.414,93.355,42.582,104.57,91.313,96.74,110.63,98.717,0,0,16.53,0,684.41,0,0,209.53,22.414,7.2976,1.5338,6.8979,0,0,0,0,15.828,11.086,78.542,37.944,0,0,0,7.2465,2.7946,144.51,3067
19.07,294.14,407.91,38.229,0,0,108.53,205.71,0,379.76,293.49,0,0,0,53.628,12.492,116.31,136.88,424.67,57.559,54.15,31.977,76.657,0,84.179,64.497,14.2,121.47,185.76,220.87,101.15,29.448,42.246,38.427,15.664,110.71,15.021,19.83,38.212,9.3107,7.4717,2.1418,2.439,419.74,70.277,9.1164,6.0522,18.962,5.2705,95.55,2.5891,27.484,28.555,17.287,8.7297,5.629,7.5973,89.883,6.3081,21.882,135.81,1.0489,5.0377,7.0484,84.448,4.2873,6.7611,9.1209,80.303,58.646,77.686,0,669.17,9.743,4.425,2815.8,8.0967,32.349,126.23,4.2398,5.6753,4.0283,0,3.9519,33.084,34.063,9.9571,9.0744,5.0571,20.417,1.0335,7.6893,153.48,645.33,281.49,5.972,0,315.65,0,14.106,0,73.138,0,0,63.38,7.6546,62.642,0,217.68,26.762,11.629,0,0,87.274,0.4365,304.62,7.3258,29.652,0.5689,0,21.143,99.515,6.9224,0.15949,8.2272,10.901,4.2529,44.191,221.59,101.07,248.21,216.74,229.62,262.59,234.32,11.078,0,22.321,0,1342.8,0,0,405.44,43.37,8.329,3.6406,16.373,0,0,0,0,30.829,12.653,151.98,73.421,0,0,0,17.201,28.299,279.63,3080
53.399,823.63,1142.2,45.418,0,0,122.4,370.59,0,1016.5,202.51,0,0,0,120.62,34.979,208.88,245.84,762.7,151.54,37.364,22.065,52.894,0,58.084,172.64,38.009,83.817,489.07,152.4,69.794,20.32,84.597,78.494,31.693,212.49,28.83,38.061,98.164,23.918,14.545,4.1694,4.7479,817.1,330.93,25.527,15.548,48.711,10.26,154.5,5.0402,53.503,55.588,48.405,24.444,15.762,21.273,161.93,17.664,61.271,911.06,2.937,3.4761,19.736,58.27,12.005,18.932,25.54,224.86,164.22,217.53,0,1298.9,27.282,12.391,7233.6,22.672,90.582,353.45,11.872,15.891,11.28,0,11.066,92.64,95.381,27.881,25.409,14.16,57.171,4.8669,36.208,429.78,1159,194.23,13.344,0,566.9,0,94.63,0,163.42,0,0,43.733,17.104,43.223,0,150.2,31.795,13.816,0,0,98.431,0.97532,343.56,20.167,66.254,1.2711,0,40.58,193.72,19.383,0.4466,21.135,28.005,8.279,84.819,620.49,283.02,695.03,606.91,642.98,735.29,656.12,74.315,0,26.519,0,2171.2,0,0,728.16,77.892,9.3937,10.194,45.847,0,0,0,0,55.541,14.27,272.95,131.86,0,0,0,48.164,55.089,502.21,3220
58.967,909.51,1261.3,42.874,0,0,115.72,144.69,0,345.83,413.31,0,0,0,91.179,38.627,82.048,96.563,299.59,52.551,76.258,45.032,107.95,0,118.55,58.734,12.931,171.07,169.6,311.04,142.45,41.471,56.456,51.871,21.042,144.86,19.654,25.947,23.035,5.6126,11.8,3.3825,3.8518,662.88,475.04,28.189,3.6483,11.43,8.3236,197.63,4.0889,43.404,45.096,53.452,26.993,17.405,23.492,63.223,19.505,67.66,1041,3.2433,7.0944,21.794,118.92,13.257,20.906,28.203,248.3,181.34,240.21,0,880.47,30.126,13.683,1697.4,25.036,100.03,390.3,13.11,17.549,12.456,25.791,12.22,102.3,105.33,30.789,28.059,15.637,63.132,6.9863,51.976,474.59,455.25,396.41,20.984,0,222.68,0,108.13,0,256.99,0,0,89.256,26.897,88.216,0,306.55,30.014,13.042,0,0,93.056,1.5338,324.8,16.236,104.19,1.999,0,27.665,157.16,21.405,0.49316,4.9594,6.5714,6.7164,57.824,685.19,312.53,767.5,670.2,710.02,811.96,724.54,84.914,54.866,25.033,0,2777.4,0,0,286.02,30.596,8.8807,11.257,50.628,0,0,0,0,21.685,13.491,107.21,51.795,0,0,30.918,53.186,44.692,197.27,3097
46.37,715.21,991.85,40.117,0,0,107.29,45.918,0,311.27,250.64,0,0,0,68.062,30.375,26.591,31.295,97.091,47.45,46.244,27.309,65.465,0,71.889,52.865,11.639,103.74,153.13,188.62,86.382,25.149,24.33,21.479,8.8837,67.657,9.1792,12.118,10.679,2.602,3.2641,0.93568,1.0655,183.37,360.28,22.167,1.6914,5.2991,2.3025,176.91,1.1311,12.007,12.475,42.033,21.227,13.687,18.473,20.064,15.339,53.206,803.92,2.5504,4.3022,17.138,72.119,10.425,16.44,22.178,195.26,142.6,188.9,0,402.79,23.69,10.76,786.92,19.688,78.659,306.92,10.309,13.8,9.795,40.533,9.6092,80.445,82.826,24.211,22.065,12.296,49.645,5.2985,39.42,373.21,147.54,240.39,21.699,0,72.166,0,83.502,0,265.74,0,0,54.127,27.812,53.496,0,185.9,28.084,12.204,0,0,86.275,1.586,301.13,12.049,107.74,2.067,0,12.92,43.475,16.832,0.38781,2.2992,3.0465,1.8579,27.006,538.81,245.77,603.54,527.02,558.34,638.5,569.75,65.576,86.225,23.424,0,2486.1,0,0,92.694,9.9156,8.2336,8.8523,39.812,0,0,0,0,6.8818,12.508,34.746,16.786,0,0,48.59,41.824,12.363,63.931,2981.4
5.6859,87.699,121.62,22.566,0,0,64.854,0,0,79.43,145.84,0,0,0,11.343,3.7245,0,4.1231e-11,1.2738e-09,13.229,26.908,15.89,38.092,0,41.83,13.49,2.97,60.362,42.694,109.75,50.263,14.633,0,0,0,8.1537,1.1062,1.4604,3.0634,0.74643,0.75111,0.21531,0.24518,42.195,0,2.7181,0.4852,1.5201,0.52983,39.552,0.26028,2.7629,2.8706,5.1541,2.6028,1.6783,2.2652,0,1.8808,6.5241,0,0.31273,2.5033,2.1015,41.964,1.2783,2.0159,2.7194,23.943,17.486,23.162,0,34.642,2.9049,1.3193,225.74,2.4141,9.6451,37.635,1.2641,1.6921,1.2011,16.996,1.1783,9.8642,10.156,2.9688,2.7056,1.5078,6.0875,0,0,45.762,0,139.88,29.578,0,5.1792e-10,0,1.202e-11,0,362.24,0,0,31.495,37.912,31.128,0,108.17,15.797,6.8646,0,0,52.152,2.1619,182.03,6.2793,146.86,2.8177,0,1.5571,10.004,2.0639,0.047553,0.65956,0.87394,0.42753,3.2546,66.069,30.136,74.005,64.623,68.464,78.293,69.863,0,36.155,13.176,49.883,555.83,0,0,7.5919e-10,1.1569e-10,4.9771,1.0855,4.8817,0,0,0,0,0,7.5607,0,5.5853e-11,0,0,20.374,5.1284,2.8448,7.2884e-11,3008.1
5.5755,85.997,119.26,7.1155,0,0,32.657,0.87289,0,35.987,32.224,0,0,0,11.44,3.6523,1.2992,1.529,4.7437,6.8168,5.9455,3.511,8.4166,0,9.2425,6.1119,1.3456,13.337,22,24.251,11.106,3.2333,0,0,0,5.6809,0.77075,1.0175,0.79085,0.1927,0.94581,0.27112,0.30874,53.133,3.5583,2.6654,0.12526,0.39244,0.66717,23.898,0.32775,3.4791,3.6147,5.054,2.5523,1.6457,2.2212,0.38141,1.8443,6.3975,4.2179,0.30666,0.55312,2.0607,9.2721,1.2535,1.9767,2.6667,23.478,17.146,22.713,0,19.343,2.8485,1.2937,58.277,2.3672,9.4579,36.904,1.2396,1.6593,1.1777,12.994,1.1554,9.6727,9.959,2.9112,2.6531,1.4785,5.9694,0.052331,0.38933,44.874,7.2086,30.906,9.4082,0,3.5259,0,0.43811,0,115.22,0,1400.6,6.9589,12.059,6.8778,0,23.9,4.9812,2.1645,0,0,26.261,0.68765,91.66,6.1944,46.713,0.89623,0,1.0849,12.597,2.0239,0.04663,0.17027,0.22562,0.53836,2.2676,64.787,29.551,72.569,63.369,67.135,76.773,68.507,0.34405,27.642,4.1546,143.32,335.85,0,0,4.5289,0.48446,2.5062,1.0644,4.787,0,0,0,0,0.13082,3.8072,1.6976,0.82014,0,0,15.577,5.0289,3.5822,3.1236,3072
1.8213,28.091,38.957,9.6801,0,0,26.058,0.71336,0,16.88,40.658,0,0,0,3.8151,1.193,1.2096,1.4236,4.4167,3.9965,7.5016,4.4299,10.619,0,11.662,2.8668,0.63118,16.828,12.898,30.598,14.013,4.0796,4.3689,2.5941,1.329,19.684,2.6706,3.5257,0.81955,0.19969,0.53664,0.15383,0.17517,30.147,0,0.87066,0.1298,0.40668,0.37855,2.9581,0.18596,1.974,2.0509,1.6509,0.83372,0.53759,0.72557,0.3117,0.60245,2.0898,0,0.10017,0.69789,0.67315,11.699,0.40945,0.64571,0.87109,7.6692,5.6009,7.4193,0,105.98,0.93049,0.4226,60.392,0.77327,3.0895,12.055,0.40492,0.54201,0.38472,9.2637,0.37742,3.1597,3.2532,0.95095,0.86664,0.48297,1.9499,0,0,14.658,6.7116,38.995,15.01,0,3.2828,0,1.202e-11,0,183.82,0,457.41,8.7803,19.239,8.678,0,30.156,6.7765,2.9447,0,0,20.955,1.0971,73.139,2.1214,74.525,1.4298,0,3.7591,7.1475,0.66111,0.015232,0.17645,0.23381,0.30546,7.857,21.163,9.653,23.705,20.7,21.93,25.078,22.378,0,19.707,5.6521,205.68,41.571,0,0,4.2167,0.45106,1.9998,0.34769,1.5637,0,0,0,0,0.10691,3.0379,1.5806,0.7636,0,0,11.105,1.6427,2.0325,2.9082,1949.5
1.7843,27.521,38.166,2.8949,0,0,13.3,0,0,1.773,18.602,0,0,0,2.8213,1.1688,0,4.1231e-11,1.2738e-09,1.7666,3.4322,2.0268,4.8587,0,5.3354,0.30112,0.066296,7.6992,5.7014,13.999,6.4111,1.8665,2.6446,0.96279,0.67639,15.54,2.1084,2.7834,1.6103,0.39236,0.75995,0.21784,0.24807,42.692,0,0.85298,0.25504,0.79905,0.53607,2.3551,0.26334,2.7954,2.9044,1.6174,0.81679,0.52668,0.71084,0,0.59022,2.0473,0,0.098139,0.3193,0.65948,5.3525,0.40114,0.6326,0.8534,7.5135,5.4872,7.2687,0,80.341,0.9116,0.41402,118.66,0.75757,3.0268,11.81,0.3967,0.53101,0.37691,6.3979,0.36976,3.0955,3.1871,0.93164,0.84904,0.47316,1.9103,0,0,14.361,0,17.841,6.3336,0,5.1792e-10,0,1.202e-11,0,77.566,0,0,4.0172,8.1181,3.9704,0,13.797,2.0266,0.88063,0,0,10.695,0.46293,37.33,1.7254,31.447,0.60334,0,2.9677,10.122,0.64769,0.014923,0.3467,0.45939,0.43256,6.2029,20.733,9.457,23.224,20.28,21.485,24.569,21.924,0,13.61,1.6903,424.01,33.097,0,0,7.5919e-10,1.1569e-10,1.0207,0.34063,1.532,0,0,0,0,0,1.5505,0,5.5853e-11,0,0,7.6698,1.6094,2.8783,7.2884e-11,2095
0.94161,14.523,20.141,3.0944,0,0,43.103,0,0,22.32,18.241,0,0,0,2.3608,0.61681,0,4.1231e-11,1.2738e-09,4.7995,3.3655,1.9875,4.7644,0,5.2319,3.7907,0.83459,7.5498,15.489,13.728,6.2867,1.8303,4.0138,2.2581,1.1946,18.831,2.5548,3.3728,1.5392,0.37503,0.65059,0.18649,0.21237,36.548,0,0.45013,0.24378,0.76377,0.45892,0.22193,0.22544,2.3931,2.4864,0.85354,0.43104,0.27794,0.37512,0,0.31147,1.0804,0,0.05179,0.31311,0.34802,5.2486,0.21169,0.33384,0.45036,3.965,2.8957,3.8358,0,100.7,0.48107,0.21849,113.42,0.39979,1.5973,6.2325,0.20935,0.28022,0.1989,6.9387,0.19513,1.6336,1.6819,0.49164,0.44806,0.2497,1.0081,0,0,7.5785,0,17.495,6.4746,0,5.1792e-10,0,1.202e-11,0,79.293,0,0,3.9392,8.2988,3.8933,0,13.529,2.1662,0.94132,0,0,34.661,0.47323,120.98,2.0082,32.147,0.61677,0,3.5961,8.6651,0.3418,0.0078751,0.33139,0.4391,0.37031,7.5164,10.941,4.9906,12.256,10.702,11.338,12.966,11.57,0,14.761,1.8068,90.629,3.1188,0,0,7.5919e-10,1.1569e-10,3.3079,0.17976,0.80844,0,0,0,0,0,5.025,0,5.5853e-11,0,0,8.3181,0.8493,2.4641,7.2884e-11,1965
0.27135,4.1853,5.8042,8.2049,0,0,41.45,0,0,106.42,34.204,0,0,0,2.8198,0.17775,0.081587,0.09602,0.2979,17.213,6.3108,3.7267,8.9338,0,9.8104,18.074,3.9793,14.157,55.551,25.741,11.788,3.432,1.7484,0.11498,0.33722,13.386,1.8162,2.3977,2.003,0.48805,0.6372,0.18266,0.208,35.796,0,0.12972,0.31725,0.99393,0.44948,0.69508,0.2208,2.3439,2.4352,0.24597,0.12422,0.080096,0.1081,0,0.089759,0.31136,0,0.014925,0.58711,0.10029,9.8418,0.061004,0.096205,0.12978,1.1426,0.83448,1.1054,0,67.016,0.13863,0.062964,147.6,0.11521,0.4603,1.7961,0.060329,0.080754,0.057319,4.6224,0.056232,0.47076,0.48469,0.14168,0.12912,0.071958,0.29052,0,0,2.184,0.45269,32.805,2.1609,0,0.22142,0,1.202e-11,0,26.464,0,0,7.3865,2.7697,7.3004,0,25.369,5.7438,2.4959,0,0,33.332,0.15794,116.34,3.8185,10.729,0.20585,0,2.5564,8.4868,0.098499,0.0022694,0.43126,0.57143,0.36269,5.3432,3.1531,1.4382,3.5318,3.0841,3.2674,3.7364,3.3341,0,9.8333,4.7907,242.23,9.7682,0,0,0.28441,0.030424,3.181,0.051803,0.23298,0,0,0,0,0,4.8323,0.10661,0.051504,0,0,5.5413,0.24475,2.4134,0.19616,2596
4.2556,65.639,91.027,33.801,0,0,102.06,22.204,0,178.69,74.429,0,0,0,11.128,2.7876,13.276,15.624,48.474,27.88,13.732,8.1095,19.44,0,21.348,30.348,6.6816,30.806,89.977,56.013,25.652,7.4681,2.8391,1.1469,0.75002,16.008,2.1718,2.8672,2.5073,0.61092,2.1578,0.61855,0.70437,121.22,0,2.0344,0.39712,1.2442,1.5221,15.645,0.74773,7.9373,8.2467,3.8576,1.9481,1.2561,1.6954,9.7019,1.4077,4.883,0,0.23406,1.2776,1.5729,21.416,0.95673,1.5088,2.0354,17.92,13.087,17.336,0,83.234,2.1742,0.98746,184.76,1.8068,7.2189,28.168,0.94614,1.2665,0.89893,0.89304,0.88188,7.3829,7.6014,2.222,2.025,1.1285,4.5562,0,0,34.251,73.661,71.385,3.5293,0,36.03,0,1.202e-11,0,43.222,0,0,16.073,4.5236,15.886,0,55.204,23.662,10.282,0,0,82.069,0.25796,286.45,6.3358,17.523,0.3362,0,3.057,28.74,1.5448,0.035591,0.53983,0.71529,1.2282,6.3895,49.449,22.555,55.39,48.367,51.242,58.598,52.289,0,1.8998,19.736,0,219.86,0,0,46.279,4.9505,7.8322,0.81242,3.6538,0,0,0,0,3.3277,11.898,17.347,8.3806,0,0,1.0706,3.8384,8.1727,31.918,2865.9
9.267,142.93,198.22,30.739,0,0,92.148,81.025,0,190.72,129.65,0,0,0,12.349,6.0704,46.302,54.493,169.06,29.656,23.921,14.126,33.863,0,37.186,32.391,7.1314,53.661,95.708,97.571,44.683,13.009,9.0215,6.9957,3.0898,30.866,4.1876,5.5285,1.073,0.26145,0.031552,0.0090446,0.010299,1.7725,0,4.43,0.16995,0.53246,0.022257,58.425,0.010933,0.11606,0.12058,8.4002,4.2421,2.7354,3.6918,35.404,3.0654,10.633,0,0.5097,2.2254,3.4251,37.305,2.0834,3.2855,4.4322,39.022,28.498,37.751,0,175.16,4.7345,2.1503,79.07,3.9345,15.72,61.338,2.0603,2.7578,1.9575,0,1.9204,16.077,16.553,4.8386,4.4096,2.4574,9.9216,0,0,74.585,256.91,124.35,2.3531,0,125.66,0,1.202e-11,0,28.818,0,0,27.998,3.0161,27.672,0,96.161,21.519,9.3508,0,0,74.101,0.17199,258.64,6.4773,11.684,0.22416,0,5.8944,0.42024,3.3639,0.077503,0.23103,0.30612,0.017959,12.32,107.68,49.116,120.62,105.32,111.58,127.6,113.86,0,0,17.948,0,821.06,0,0,161.41,17.266,7.0718,1.7691,7.9564,0,0,0,0,12.143,10.743,60.503,29.229,0,0,0,8.3585,0.1195,111.32,3096.5
24.754,381.8,529.48,45.418,0,0,103.72,155.97,0,355.73,293.56,0,0,0,34.534,16.215,88.379,104.01,322.7,54.012,54.163,31.985,76.675,0,84.199,60.415,13.301,121.5,174.31,220.92,101.17,29.455,43.147,39.28,16.005,112.88,15.315,20.218,28.556,6.958,6.7138,1.9245,2.1916,377.16,75.615,11.833,4.5229,14.17,4.7359,78.11,2.3265,24.696,25.659,22.438,11.331,7.3066,9.8615,68.15,8.1882,28.403,307.9,1.3615,5.0389,9.149,84.468,5.565,8.7762,11.839,104.24,76.124,100.84,0,682.58,12.647,5.7438,2104.3,10.51,41.99,163.85,5.5035,7.3667,5.2288,0,5.1297,42.944,44.215,12.925,11.779,6.5642,26.502,1.112,8.2734,199.23,490.38,281.56,6.1473,0,239.86,0,31.981,0,75.284,0,0,63.396,7.8792,62.657,0,217.73,31.795,13.816,0,0,83.404,0.44931,291.11,18.47,30.522,0.58559,0,21.557,89.42,8.9854,0.20702,6.1483,8.1467,3.8215,45.057,287.63,131.2,322.19,281.34,298.06,340.85,304.15,25.115,0,26.519,0,1097.7,0,0,308.09,32.957,7.9596,4.7256,21.253,0,0,0,0,23.375,12.091,115.49,55.792,0,0,0,22.327,25.428,212.49,3126
45.649,704.09,976.42,46.666,0,0,115.81,257.95,0,395.28,365.51,0,0,0,84.522,29.902,145.64,171.41,531.78,59.85,67.438,39.824,95.468,0,104.84,67.132,14.78,151.28,193.15,275.07,125.97,36.675,99.736,92.816,37.422,248.88,33.766,44.577,47.885,11.668,15.139,4.3395,4.9416,850.44,277.55,21.822,7.5842,23.762,10.679,156.23,5.2459,55.686,57.856,41.379,20.896,13.474,18.186,112.71,15.1,52.378,605.68,2.5107,6.2739,16.872,105.17,10.263,16.184,21.833,192.22,140.38,185.96,0,1524,23.322,10.592,3528.6,19.381,77.435,302.15,10.149,13.585,9.6426,0,9.4597,79.194,81.538,23.835,21.721,12.105,48.873,4.0818,30.368,367.4,808.1,350.56,12.085,0,395.27,0,62.911,0,148,0,57.425,78.933,15.49,78.014,0,271.1,32.668,14.196,0,0,93.125,0.88329,325.04,15.444,60.003,1.1512,0,47.528,201.63,16.57,0.38178,10.31,13.661,8.6168,99.341,530.43,241.94,594.15,518.82,549.66,628.57,560.89,49.405,0,27.248,0,2195.5,0,0,507.7,54.309,8.8873,8.7146,39.193,0,0,0,0,38.66,13.501,190.31,91.94,0,0,0,41.173,57.337,350.16,3005.3
43.539,671.54,931.29,42.874,0,0,118.95,66,0,309.54,417.23,0,0,0,88.165,28.52,37.866,44.564,138.26,47.194,76.981,45.46,108.98,0,119.67,52.571,11.574,172.69,152.31,313.99,143.8,41.864,58.412,53.722,21.782,149.56,20.292,26.789,27.588,6.7219,13.836,3.966,4.5163,777.24,150.34,20.814,4.3694,13.689,9.7596,262.68,4.7943,50.893,52.876,39.467,19.931,12.851,17.345,28.839,14.402,49.957,874.78,2.3947,7.1617,16.092,120.05,9.7882,15.436,20.824,183.34,133.89,177.36,0,909.55,22.244,10.103,2032.9,18.485,73.856,288.18,9.6799,12.957,9.1969,25.791,9.0224,75.534,77.769,22.733,20.717,11.546,46.614,2.211,16.449,350.42,210.1,400.17,20.613,0,102.77,0,90.862,0,252.44,0,0,90.103,26.42,89.053,0,309.46,30.014,13.042,0,0,95.657,1.5066,333.88,16.236,102.35,1.9636,0,28.562,184.27,15.804,0.36413,5.9397,7.8703,7.8752,59.7,505.91,230.76,566.69,494.84,524.25,599.52,534.97,71.356,54.866,25.033,0,3691.5,0,0,132,14.12,9.129,8.3118,37.381,0,0,0,0,9.8915,13.868,49.479,23.904,0,0,30.918,39.27,52.402,91.039,3076.1
23.689,365.38,506.71,25.099,0,0,79.044,14.247,0,31.812,165.59,0,0,0,34.534,15.518,8.8082,10.366,32.162,6.2005,30.552,18.042,43.251,0,47.495,5.4028,1.1895,68.536,20.011,124.62,57.07,16.615,10.793,8.6716,3.7603,35.123,4.7652,6.291,5.5195,1.3449,2.4773,0.71014,0.80867,139.17,231.29,11.325,0.87421,2.7389,1.7475,239.14,0.85846,9.1127,9.4679,21.474,10.844,6.9924,9.4374,6.2252,7.836,27.182,359.36,1.3029,2.8423,8.7556,47.647,5.3257,8.3987,11.33,99.753,72.851,96.502,0,201.5,12.103,5.4968,406.73,10.058,40.185,156.8,5.2668,7.0499,5.004,40.533,4.9091,41.097,42.314,12.369,11.272,6.2819,25.363,3.4015,25.306,190.66,48.873,158.82,18.397,0,23.905,0,37.326,0,225.3,0,769.56,35.76,23.58,35.343,0,122.82,17.57,7.6351,0,0,63.563,1.3446,221.86,23.561,91.342,1.7525,0,6.7074,32.996,8.599,0.19812,1.1884,1.5746,1.4101,14.02,275.26,125.56,308.33,269.24,285.24,326.19,291.07,29.313,86.225,14.655,0,3360.7,0,0,30.705,3.2846,6.0661,4.5224,20.339,0,0,0,0,2.1352,9.2151,11.51,5.5604,0,0,48.59,21.367,9.3829,21.177,2960
10.446,161.11,223.43,12.811,0,0,43.797,0,0,65.228,75.805,0,0,0,18.451,6.8424,0,4.1231e-11,1.2738e-09,11.133,13.986,8.2594,19.8,0,21.742,11.078,2.439,31.375,35.929,57.048,26.126,7.6062,3.3727,1.6516,0.95194,17.29,2.3458,3.0968,4.3811,1.0675,1.9919,0.57099,0.65021,111.9,23.129,4.9935,0.6939,2.174,1.4051,96.17,0.69024,7.3271,7.6127,9.4686,4.7816,3.0833,4.1613,0,3.4552,11.986,72.547,0.57452,1.3012,3.8607,21.812,2.3483,3.7034,4.9959,43.985,32.123,42.552,0,91.167,5.3366,2.4238,322.84,4.4349,17.719,69.139,2.3223,3.1086,2.2065,16.996,2.1646,18.122,18.658,5.454,4.9704,2.77,11.183,0.34015,2.5306,84.07,0,72.705,20.087,0,5.1792e-10,0,7.5353,0,246,0,634.42,16.37,25.746,16.18,0,56.224,8.9683,3.8971,0,0,35.22,1.4682,122.93,6.1661,99.734,1.9135,0,3.3018,26.53,3.7917,0.08736,0.94327,1.2499,1.1338,6.9013,121.38,55.363,135.96,118.72,125.78,143.83,128.35,5.9176,36.155,7.4801,0,1351.5,0,0,7.5919e-10,1.1569e-10,3.3612,1.9941,8.9683,0,0,0,0,0,5.106,0,5.5853e-11,0,0,20.374,9.4215,7.5443,7.2884e-11,3109
7.7723,119.88,166.25,12.508,0,0,50.834,0,0,96.428,57.225,0,0,0,22.058,5.0913,0,4.1231e-11,1.2738e-09,15.738,10.558,6.235,14.947,0,16.413,16.377,3.6056,23.685,50.791,43.066,19.722,5.7419,0.28175,0,0,9.8615,1.3379,1.7663,3.2834,0.80003,2.1897,0.62768,0.71477,123.01,0,3.7155,0.52004,1.6293,1.5446,25.168,0.75877,8.0545,8.3685,7.0454,3.5579,2.2942,3.0964,0,2.571,8.9182,0,0.42749,0.98226,2.8727,16.466,1.7473,2.7556,3.7174,32.729,23.902,31.662,0,45.208,3.9709,1.8035,241.95,3.3,13.184,51.445,1.728,2.313,1.6418,12.994,1.6106,13.484,13.883,4.0582,3.6984,2.0611,8.3214,0,0,62.555,0,54.885,18.314,0,5.1792e-10,0,1.202e-11,0,224.29,0,825.33,12.358,23.474,12.214,0,42.443,8.7562,3.8049,0,0,40.878,1.3386,142.68,1.2163,90.933,1.7446,0,1.8832,29.164,2.8213,0.065003,0.70693,0.9367,1.2464,3.9363,90.313,41.194,101.16,88.337,93.587,107.02,95.5,0,27.642,7.3032,33.031,353.7,0,0,7.5919e-10,1.1569e-10,3.9012,1.4838,6.6731,0,0,0,0,0,5.9263,0,5.5853e-11,0,0,15.577,7.0104,8.2934,7.2884e-11,2415
2.1466,33.109,45.915,8.5153,0,0,31.51,0,0,37.881,35.569,0,0,0,6.1497,1.4061,0,4.1231e-11,1.2738e-09,7.0963,6.5626,3.8754,9.2903,0,10.202,6.4335,1.4164,14.722,22.902,26.768,12.259,3.5689,1.5107,0,0.24724,12.815,1.7386,2.2953,1.2121,0.29535,0.76106,0.21816,0.24843,42.754,0,1.0262,0.19198,0.60149,0.53685,4.0053,0.26372,2.7995,2.9086,1.9458,0.98263,0.63361,0.85516,0,0.71005,2.463,0,0.11806,0.61054,0.79338,10.235,0.48258,0.76104,1.0267,9.039,6.6013,8.7444,0,63.481,1.0967,0.49808,89.321,0.91138,3.6413,14.208,0.47724,0.63882,0.45343,9.2637,0.44483,3.724,3.8342,1.1208,1.0214,0.56923,2.2982,0,0,17.277,0,34.115,16.923,0,5.1792e-10,0,1.202e-11,0,207.25,0,82.758,7.6813,21.691,7.5918,0,26.381,5.9611,2.5904,0,0,25.339,1.2369,88.442,1.2163,84.024,1.6121,0,2.4473,10.136,0.77919,0.017953,0.26098,0.3458,0.43319,5.1152,24.943,11.377,27.939,24.397,25.847,29.558,26.375,0,19.707,4.9719,48.012,56.288,0,0,7.5919e-10,1.1569e-10,2.4182,0.40979,1.843,0,0,0,0,0,3.6735,0,5.5853e-11,0,0,11.105,1.9361,2.8825,7.2884e-11,2374
1.3041,20.114,27.894,5.5956,0,0,19.042,0,0,17.911,34.824,0,0,0,2.3899,0.85424,0,4.1231e-11,1.2738e-09,4.1487,6.4252,3.7943,9.0957,0,9.9882,3.0419,0.66973,14.413,13.389,26.207,12.002,3.4942,0,0,0,9.1017,1.2348,1.6302,0.87938,0.21427,0.71239,0.20421,0.23254,40.02,0,0.62341,0.13928,0.43637,0.50252,2.8679,0.24686,2.6205,2.7226,1.1821,0.59696,0.38493,0.51952,0,0.43137,1.4963,0,0.071726,0.59775,0.48199,10.02,0.29318,0.46234,0.62372,5.4913,4.0104,5.3124,0,40.507,0.66625,0.30259,64.801,0.55368,2.2121,8.6317,0.28993,0.38809,0.27547,6.3979,0.27024,2.2624,2.3293,0.6809,0.62053,0.34582,1.3962,0,0,10.496,0,33.4,9.7005,0,5.1792e-10,0,1.202e-11,0,118.8,0,0,7.5204,12.434,7.4328,0,25.829,3.9172,1.7022,0,0,15.313,0.70902,53.448,0,48.164,0.92408,0,1.7381,9.4883,0.47337,0.010906,0.18933,0.25087,0.40549,3.633,15.153,6.9117,16.973,14.822,15.702,17.957,16.023,0,13.61,3.2672,79.681,40.303,0,0,7.5919e-10,1.1569e-10,1.4614,0.24895,1.1196,0,0,0,0,0,2.22,0,5.5853e-11,0,0,7.6698,1.1762,2.6982,7.2884e-11,2450
1.0649,16.426,22.779,3.1591,0,0,27.491,0,0,16.862,15.512,0,0,0,5.3562,0.69759,0,4.1231e-11,1.2738e-09,3.9938,2.862,1.6901,4.0516,0,4.4492,2.8638,0.6305,6.4203,12.889,11.674,5.3462,1.5565,3.4952,1.7675,0.99832,17.584,2.3857,3.1496,1.0847,0.26431,0.45999,0.13186,0.15015,25.841,0,0.50909,0.17181,0.53827,0.32448,0.28722,0.1594,1.692,1.758,0.96534,0.48749,0.31434,0.42426,0,0.35227,1.2219,0,0.058573,0.26626,0.39361,4.4634,0.23942,0.37756,0.50934,4.4844,3.275,4.3382,0,92.989,0.54408,0.24711,79.934,0.45215,1.8065,7.0489,0.23677,0.31693,0.22495,6.9387,0.22069,1.8475,1.9022,0.55604,0.50674,0.2824,1.1402,0,0,8.5711,0,14.878,4.2783,0,5.1792e-10,0,1.202e-11,0,52.395,0,0,3.3499,5.4837,3.3108,0,11.505,2.2115,0.961,0,0,22.107,0.3127,77.162,0.31114,21.242,0.40755,0,3.3581,6.1266,0.38657,0.0089065,0.23355,0.30946,0.26183,7.0189,12.374,5.6443,13.861,12.104,12.823,14.664,13.085,0,14.761,1.8445,0,4.0364,0,0,7.5919e-10,1.1569e-10,2.1098,0.2033,0.91433,0,0,0,0,0,3.205,0,5.5853e-11,0,0,8.3181,0.96054,1.7422,7.2884e-11,1907
0.85508,13.189,18.29,3.8624,0,0,18.4,0,0,38.433,9.6201,0,0,0,2.4628,0.56012,0,4.1231e-11,1.2738e-09,7.1778,1.775,1.0482,2.5127,0,2.7592,6.5273,1.4371,3.9817,23.165,7.2398,3.3155,0.96527,0.79328,0,0,11.091,1.5047,1.9865,0.87435,0.21304,0.37038,0.10617,0.1209,20.807,0,0.40877,0.13848,0.43387,0.26127,0.80109,0.12835,1.3624,1.4155,0.7751,0.39142,0.2524,0.34065,0,0.28285,0.98114,0,0.04703,0.16513,0.31604,2.7681,0.19223,0.30316,0.40897,3.6006,2.6296,3.4833,0,52.814,0.43686,0.19841,64.43,0.36304,1.4505,5.6598,0.19011,0.25447,0.18062,4.6224,0.1772,1.4834,1.5273,0.44646,0.40688,0.22675,0.91548,0,0,6.882,0,9.2267,1.2956,0,5.1792e-10,0,1.202e-11,0,15.867,0,0,2.0775,1.6606,2.0533,0,7.1352,2.7039,1.1749,0,0,14.796,0.094697,51.644,1.8102,6.4329,0.12342,0,2.118,4.9331,0.31039,0.0071513,0.18825,0.24944,0.21082,4.427,9.9358,4.532,11.129,9.7184,10.296,11.774,10.506,0,9.8333,2.2552,0,11.258,0,0,7.5919e-10,1.1569e-10,1.4121,0.16324,0.73415,0,0,0,0,0,2.1451,0,5.5853e-11,0,0,5.5413,0.77125,1.4028,7.2884e-11,2690
1.3503,20.826,28.882,10.502,0,0,32.905,0,0,118.73,18.602,0,0,0,2.5918,0.88449,0,4.1231e-11,1.2738e-09,19.03,3.4322,2.0268,4.8587,0,5.3354,20.165,4.4396,7.6992,61.415,13.999,6.4111,1.8665,0,0,0,7.7184,1.0472,1.3825,1.0871,0.26488,0.35468,0.10167,0.11578,19.925,0,0.64549,0.17218,0.53943,0.25019,12.318,0.12291,1.3047,1.3555,1.224,0.6181,0.39856,0.53792,0,0.44665,1.5493,0,0.074266,0.3193,0.49906,5.3525,0.30356,0.47872,0.64581,5.6858,4.1524,5.5005,0,31.949,0.68985,0.31331,80.106,0.57329,2.2905,8.9374,0.3002,0.40184,0.28522,0.89304,0.27981,2.3425,2.4118,0.70501,0.64251,0.35806,1.4456,0,0,10.867,0,17.841,0.86374,0,5.1792e-10,0,1.202e-11,0,10.578,0,57.425,4.0172,1.1071,3.9704,0,13.797,7.3519,3.1947,0,0,26.46,0.063131,92.356,4.8085,4.2886,0.08228,0,1.474,4.724,0.49014,0.011293,0.23405,0.31013,0.20188,3.0809,15.69,7.1565,17.575,15.347,16.259,18.593,16.591,0,1.8998,6.132,38.378,173.11,0,0,7.5919e-10,1.1569e-10,2.5252,0.25777,1.1593,0,0,0,0,0,3.8361,0,5.5853e-11,0,0,1.0706,1.2179,1.3433,7.2884e-11,3053
5.5952,86.3,119.68,17.329,0,0,76.803,62.552,0,257.63,28.162,0,0,0,5.4925,3.6651,35.93,42.286,131.19,39.532,5.196,3.0684,7.3557,0,8.0774,43.755,9.6333,11.656,127.58,21.194,9.7059,2.8257,2.7153,1.0297,0.70316,15.71,2.1314,2.8139,0.54913,0.1338,0.45317,0.1299,0.14793,25.458,0,2.6747,0.086974,0.27249,0.31967,36.295,0.15704,1.667,1.7319,5.0718,2.5613,1.6515,2.229,27.332,1.8508,6.42,0,0.30774,0.4834,2.068,8.1033,1.2579,1.9837,2.6761,23.561,17.207,22.793,0,81.393,2.8586,1.2983,40.465,2.3756,9.4912,37.034,1.244,1.6651,1.1819,0,1.1595,9.7068,9.9941,2.9214,2.6624,1.4837,5.9904,0,0,45.032,199.36,27.01,2.0761,0,97.513,0,1.202e-11,0,25.426,0,0,6.0817,2.6611,6.0108,0,20.888,12.131,5.2715,0,0,61.761,0.15175,215.57,5.5439,10.308,0.19777,0,3.0001,6.0358,2.031,0.046794,0.11823,0.15666,0.25795,6.2708,65.015,29.655,72.825,63.592,67.371,77.044,68.748,0,0,10.118,0,510.07,0,0,125.25,13.398,5.8942,1.0681,4.8039,0,0,0,0,9.3748,8.9539,46.95,22.682,0,0,0,5.0466,1.7164,86.385,2645
24.908,384.17,532.77,28.902,0,0,95.558,184.46,0,302.89,176,0,0,0,59.821,16.316,104.38,122.84,381.12,46.213,32.473,19.176,45.97,0,50.48,51.441,11.326,72.845,149.14,132.45,60.658,17.66,68.335,63.109,25.538,173.41,23.527,31.061,48.294,11.767,8.5433,2.449,2.7888,479.94,128.1,11.907,7.6489,23.964,6.0265,65.536,2.9605,31.426,32.651,22.578,11.402,7.352,9.9228,80.601,8.239,28.58,368.64,1.3699,3.021,9.2059,50.642,5.5996,8.8307,11.913,104.88,76.597,101.47,0,1057.1,12.725,5.7795,3558.7,10.575,42.251,164.86,5.5377,7.4125,5.2613,0,5.1615,43.211,44.49,13.005,11.852,6.605,26.667,1.8839,14.016,200.47,579.15,168.8,4.7196,0,283.28,0,38.29,0,57.8,0,0,38.008,6.0493,37.565,0,130.54,20.233,8.792,0,0,76.843,0.34496,268.21,10.211,23.434,0.44959,0,33.117,113.79,9.0413,0.20831,10.398,13.777,4.8629,69.219,289.42,132.01,324.19,283.09,299.91,342.97,306.04,30.07,0,16.875,0,921,0,0,363.86,38.922,7.3334,4.755,21.385,0,0,0,0,27.646,11.14,136.39,65.891,0,0,0,22.466,32.358,250.95,2850
48.841,753.32,1044.7,39.312,0,0,117.58,125.17,0,373.53,329.84,0,0,0,96.18,31.993,71.087,83.663,259.56,56.64,60.857,35.938,86.151,0,94.605,63.438,13.967,136.52,182.79,248.23,113.68,33.096,108.9,101.48,40.889,270.89,36.753,48.52,66.222,16.135,19.223,5.5104,6.2749,1079.9,229.51,23.348,10.488,32.86,13.56,116.16,6.6613,70.71,73.467,44.273,22.358,14.416,19.457,54.692,16.156,56.041,723.78,2.6863,5.6617,18.052,94.907,10.98,17.316,23.36,205.66,150.2,198.96,0,1660.2,24.953,11.333,4879.8,20.737,82.85,323.28,10.859,14.535,10.317,0,10.121,84.732,87.239,25.501,23.24,12.952,52.291,3.3753,25.112,393.09,394.43,316.35,12.05,0,192.93,0,75.178,0,147.57,0,0,71.23,15.445,70.4,0,244.64,27.52,11.959,0,0,94.554,0.88072,330.03,11.003,59.828,1.1479,0,51.732,256.03,17.729,0.40847,14.258,18.892,10.942,108.13,567.52,258.86,635.7,555.1,588.09,672.52,600.11,59.039,0,22.954,0,1632.5,0,0,247.81,26.508,9.0237,9.324,41.933,0,0,0,0,18.759,13.708,92.889,44.875,0,0,0,44.053,72.807,170.91,3371
42.775,659.77,914.96,28.902,0,0,95.091,103.14,0,258.03,275.13,0,0,0,84.522,28.02,58.716,69.104,214.39,39.591,50.763,29.977,71.861,0,78.913,43.823,9.6483,113.87,127.77,207.05,94.823,27.606,61.249,56.405,22.856,156.38,21.217,28.01,19.396,4.7261,12.804,3.6703,4.1796,719.29,220.62,20.449,3.0721,9.6249,9.0319,216.75,4.4369,47.098,48.934,38.774,19.581,12.626,17.041,45.065,14.149,49.081,194.02,2.3527,4.7226,15.81,79.165,9.6166,15.166,20.459,180.12,131.55,174.25,0,951.73,21.854,9.9255,1429.3,18.161,72.561,283.13,9.5102,12.73,9.0356,25.791,8.8642,74.209,76.405,22.334,20.354,11.343,45.797,3.2446,24.139,344.27,325.79,263.88,9.5984,0,159.35,0,20.152,0,117.55,0,0,59.415,12.303,58.723,0,204.06,20.233,8.792,0,0,76.468,0.70156,266.9,21.723,47.658,0.91435,0,29.864,170.54,15.527,0.35775,4.1761,5.5335,7.288,62.421,497.04,226.71,556.75,486.17,515.06,589,525.59,15.826,54.866,16.875,0,3046.1,0,0,204.68,21.895,7.2976,8.166,36.726,0,0,0,0,15.457,11.086,76.724,37.066,0,0,30.918,38.582,48.495,141.17,3390
41.35,637.79,884.48,27.073,0,0,93.887,14.865,0,248.66,179.73,0,0,0,64.185,27.087,9.1555,10.775,33.43,38.208,33.161,19.583,46.944,0,51.55,42.231,9.2979,74.389,123.31,135.26,61.943,18.034,36.325,32.826,13.423,96.484,13.09,17.282,6.2621,1.5258,7.246,2.0771,2.3653,407.06,165.46,19.767,0.99182,3.1074,5.1113,194.74,2.5109,26.654,27.693,37.483,18.929,12.205,16.473,6.4955,13.678,47.446,209.21,2.2743,3.0851,15.283,51.715,9.2962,14.66,19.777,174.12,127.16,168.45,0,581.14,21.126,9.5948,461.45,17.556,70.144,273.7,9.1934,12.306,8.7346,40.533,8.5689,71.737,73.86,21.59,19.676,10.965,44.271,2.4334,18.104,332.8,50.8,172.38,18.522,0,24.848,0,21.73,0,226.84,0,0,38.813,23.741,38.361,0,133.3,18.952,8.2356,0,0,75.499,1.3538,263.52,14.652,91.966,1.7645,0,18.425,96.509,15.01,0.34583,1.3483,1.7865,4.1244,38.512,480.48,219.16,538.2,469.97,497.9,569.38,508.08,17.065,86.225,15.807,0,2736.8,0,0,31.916,3.4141,7.2052,7.894,35.502,0,0,0,0,2.2279,10.945,11.964,5.7797,0,0,48.59,37.297,27.444,22.012,3371
11.353,175.11,242.84,17.227,0,0,47.816,0,0,52.503,124.34,0,0,0,15.867,7.4368,0,4.1231e-11,1.2738e-09,9.2546,22.941,13.548,32.476,0,35.663,8.9168,1.9632,51.463,29.867,93.574,42.853,12.476,6.2318,4.3565,2.034,24.161,3.278,4.3276,1.6789,0.40909,1.8278,0.52395,0.59664,102.68,15.123,5.4273,0.26592,0.83313,1.2893,63.517,0.63337,6.7233,6.9854,10.291,5.197,3.3511,4.5229,0,3.7554,13.027,43.866,0.62443,2.1343,4.1961,35.777,2.5523,4.0251,5.4299,47.806,34.914,46.249,0,133.68,5.8003,2.6343,123.72,4.8202,19.258,75.146,2.5241,3.3786,2.3982,16.996,2.3527,19.696,20.279,5.9278,5.4022,3.0106,12.155,0.22241,1.6547,91.374,0,119.26,18.848,0,5.1792e-10,0,4.5563,0,230.83,0,388.26,26.852,24.159,26.539,0,92.222,12.06,5.2405,0,0,38.452,1.3776,134.21,13.605,93.584,1.7955,0,4.6141,24.344,4.1211,0.09495,0.36148,0.47898,1.0404,9.6441,131.92,60.172,147.77,129.03,136.7,156.33,139.5,3.5781,36.155,10.059,18.959,892.63,0,0,7.5919e-10,1.1569e-10,3.6696,2.1674,9.7474,0,0,0,0,0,5.5745,0,5.5853e-11,0,0,20.374,10.24,6.9227,7.2884e-11,3580
6.7462,104.05,144.3,8.3184,0,0,39.454,0,0,43.1,49.048,0,0,0,9.9765,4.4191,0,4.1231e-11,1.2738e-09,7.8667,9.0496,5.3441,12.811,0,14.068,7.3199,1.6116,20.301,25.388,36.912,16.904,4.9214,0,0,0,6.4451,0.87443,1.1544,1.849,0.45052,1.3098,0.37546,0.42755,73.58,0,3.225,0.29285,0.9175,0.92392,19.901,0.45387,4.8179,5.0057,6.1152,3.0882,1.9913,2.6876,0,2.2315,7.7407,0,0.37105,0.8419,2.4934,14.113,1.5166,2.3918,3.2266,28.407,20.746,27.482,0,24.071,3.4466,1.5654,136.25,2.8643,11.444,44.653,1.4999,2.0077,1.425,12.994,1.398,11.704,12.05,3.5224,3.2101,1.789,7.2227,0,0,54.296,0,47.042,13.178,0,5.1792e-10,0,1.202e-11,0,161.39,0,131.54,10.592,16.891,10.469,0,36.379,5.8233,2.5305,0,0,31.727,0.9632,110.74,2.2911,65.431,1.2554,0,1.2308,17.445,2.4488,0.056421,0.39809,0.52749,0.74553,2.5726,78.389,35.755,87.806,76.674,81.231,92.893,82.891,0,27.642,4.857,0,279.68,0,0,7.5919e-10,1.1569e-10,3.0279,1.2879,5.7921,0,0,0,0,0,4.5997,0,5.5853e-11,0,0,15.577,6.0848,4.9608,7.2884e-11,2684
3.0831,47.554,65.948,4.9818,0,0,22.812,0,0,43.842,26.941,0,0,0,11.416,2.0196,0.1277,0.15029,0.46628,7.9762,4.9707,2.9354,7.0367,0,7.7272,7.4459,1.6393,11.151,25.741,20.275,9.2851,2.7032,1.7989,0.1627,0.35631,13.508,1.8326,2.4194,1.9168,0.46705,1.5213,0.4361,0.49661,85.465,1.7792,1.4739,0.3036,0.95117,1.0732,5.639,0.52718,5.5961,5.8143,2.7948,1.4114,0.91006,1.2283,0,1.0199,3.5377,0,0.16958,0.46244,1.1395,7.7519,0.69314,1.0931,1.4746,12.983,9.4815,12.56,0,67.766,1.5752,0.7154,141.25,1.309,5.23,20.407,0.68547,0.91754,0.65127,9.2637,0.63891,5.3488,5.5071,1.6098,1.4671,0.81759,3.3009,0.026166,0.19467,24.814,0.70856,25.839,13.562,0,0.34658,0,1.202e-11,0,166.09,0,443.55,5.818,17.383,5.7502,0,19.982,3.4875,1.5155,0,0,18.344,0.99125,64.028,1.98,67.337,1.2919,0,2.5795,20.263,1.1192,0.025785,0.4127,0.54684,0.86595,5.3916,35.825,16.341,40.129,35.042,37.124,42.454,37.883,0,19.707,2.9088,129.62,79.246,0,0,0.44516,0.04762,1.7507,0.58859,2.6471,0,0,0,0,0,2.6594,0.16687,0.080615,0,0,11.105,2.7809,5.7621,0.30703,2144
1.8097,27.913,38.71,6.5861,0,0,22.45,0,0,14.834,29.461,0,0,0,3.3517,1.1855,0.78571,0.92472,2.8689,3.6945,5.4357,3.2099,7.6949,0,8.45,2.5193,0.55467,12.194,11.923,22.171,10.154,2.9561,2.064,0.41351,0.45665,14.145,1.919,2.5335,0.93129,0.22692,0.76866,0.22034,0.25091,43.181,2.6688,0.86514,0.1475,0.46213,0.54221,0.50551,0.26636,2.8274,2.9376,1.6405,0.82843,0.53418,0.72097,0,0.59863,2.0765,0,0.099537,0.5057,0.66888,8.477,0.40686,0.64162,0.86556,7.6206,5.5654,7.3723,0,71.708,0.92459,0.41993,68.626,0.76837,3.0699,11.979,0.40235,0.53857,0.38228,6.3979,0.37503,3.1396,3.2325,0.94492,0.86114,0.47991,1.9376,0.039249,0.292,14.565,4.3596,28.256,11.739,0,2.1324,0,1.202e-11,0,143.76,0,0,6.3622,15.046,6.2881,0,21.851,4.6106,2.0035,0,0,18.053,0.85799,63.011,2.0648,58.284,1.1182,0,2.7012,10.238,0.65692,0.015135,0.20051,0.26568,0.43752,5.6459,21.029,9.5917,23.555,20.569,21.791,24.919,22.236,0,13.61,3.8455,167.46,7.1041,0,0,2.739,0.29299,1.7229,0.34549,1.5538,0,0,0,0,0,2.6172,1.0267,0.496,0,0,7.6698,1.6323,2.9113,1.8891,1407.2
0.74311,11.462,15.895,7.9994,0,0,54.347,0,0,13.302,35.569,0,0,0,8.9746,0.48677,0,4.1231e-11,1.2738e-09,3.4684,6.5626,3.8754,9.2903,0,10.202,2.2591,0.49739,14.722,11.193,26.768,12.259,3.5689,6.2789,4.401,2.0518,24.274,3.2934,4.3479,3.4821,0.84843,2.2983,0.65881,0.75022,129.11,0,0.35524,0.55151,1.7279,1.6212,0.22613,0.7964,8.4539,8.7835,0.6736,0.34017,0.21935,0.29604,0,0.24581,0.85266,0,0.040872,0.61054,0.27465,10.235,0.16706,0.26346,0.35542,3.1292,2.2853,3.0272,0,134.38,0.37965,0.17243,256.59,0.31551,1.2606,4.9186,0.16521,0.22115,0.15697,6.9387,0.15399,1.2892,1.3273,0.388,0.3536,0.19706,0.7956,0,0,5.9808,0,34.115,10.523,0,5.1792e-10,0,1.202e-11,0,128.87,0,0,7.6813,13.488,7.5918,0,26.381,5.6,2.4334,0,0,43.703,0.76912,152.54,1.584,52.247,1.0024,0,4.6357,30.61,0.26974,0.0062149,0.7497,0.99338,1.3082,9.6893,8.6348,3.9385,9.6721,8.4458,8.9478,10.232,9.1307,0,14.761,4.6707,0,3.1779,0,0,7.5919e-10,1.1569e-10,4.1708,0.14186,0.63801,0,0,0,0,0,6.3359,0,5.5853e-11,0,0,8.3181,0.67026,8.7046,7.2884e-11,1888
0.56171,8.6639,12.015,3.9856,0,0,23.75,0,0,69.265,21.759,0,0,0,2.0963,0.36795,0,4.1231e-11,1.2738e-09,11.729,4.0146,2.3708,5.6833,0,6.2409,11.764,2.59,9.0059,37.852,16.375,7.4992,2.1833,4.0071,2.2518,1.192,18.814,2.5526,3.3699,0.91041,0.22183,0.44678,0.12807,0.14584,25.099,0,0.26852,0.14419,0.45176,0.31516,0.47611,0.15482,1.6434,1.7075,0.50918,0.25713,0.1658,0.22378,0,0.18581,0.64452,0,0.030895,0.37349,0.20761,6.2609,0.12628,0.19915,0.26866,2.3653,1.7274,2.2882,0,100.6,0.28698,0.13034,67.087,0.23849,0.95285,3.718,0.12488,0.16717,0.11865,4.6224,0.1164,0.97449,1.0033,0.29329,0.26729,0.14896,0.60139,0,0,4.5209,0,20.869,1.6695,0,5.1792e-10,0,1.202e-11,0,20.446,0,0,4.6989,2.1399,4.6442,0,16.139,2.7901,1.2124,0,0,19.099,0.12203,66.661,2.2911,8.2893,0.15904,0,3.593,5.9507,0.2039,0.0046978,0.19601,0.25973,0.25431,7.5099,6.527,2.9771,7.3111,6.3842,6.7636,7.7346,6.9018,0,9.8333,2.3271,49.611,6.6909,0,0,7.5919e-10,1.1569e-10,1.8227,0.10723,0.48227,0,0,0,0,0,2.7688,0,5.5853e-11,0,0,5.5413,0.50665,1.6922,7.2884e-11,1587
2.1459,33.098,45.9,13.692,0,0,73.607,17.734,0,116.49,57.636,0,0,0,3.6468,1.4057,10.766,12.671,39.31,18.699,10.634,6.2798,15.054,0,16.531,19.784,4.3558,23.855,60.348,43.375,19.864,5.7831,0,0,0,7.7794,1.0554,1.3934,1.24,0.30213,0.25817,0.074005,0.084272,14.503,0,1.0258,0.1964,0.61531,0.18211,8.356,0.08946,0.94964,0.98665,1.9452,0.9823,0.6334,0.85488,7.7488,0.70982,2.4622,0,0.11803,0.98932,0.79312,16.584,0.48243,0.76079,1.0263,9.0361,6.5991,8.7416,0,32.326,1.0963,0.49792,91.374,0.91108,3.6401,14.204,0.47709,0.63861,0.45328,0.89304,0.44468,3.7228,3.833,1.1204,1.0211,0.56904,2.2974,0,0,17.271,59.736,55.279,1.54,0,29.219,0,1.202e-11,0,18.86,0,0,12.447,1.9739,12.302,0,42.748,9.5851,4.1651,0,0,59.191,0.11256,206.6,4.4973,7.6463,0.1467,0,1.4856,3.4385,0.77894,0.017947,0.26698,0.35375,0.14695,3.1052,24.935,11.373,27.93,24.389,25.838,29.548,26.367,0,1.8998,7.9945,0,117.43,0,0,37.53,4.0146,5.6489,0.40966,1.8424,0,0,0,0,2.6578,8.5813,14.068,6.7963,0,0,1.0706,1.9355,0.9778,25.884,1950
8.058,124.29,172.36,20.834,0,0,80.405,118.92,0,172.76,75.893,0,0,0,9.6923,5.2784,67.579,79.535,246.76,27.005,14.003,8.269,19.823,0,21.768,29.341,6.4598,31.412,87.152,57.115,26.156,7.615,2.6766,0.99307,0.6885,15.617,2.1188,2.7972,1.42,0.346,0.24843,0.071213,0.081094,13.956,0,3.8521,0.22491,0.70464,0.17524,28.332,0.086086,0.91382,0.94944,7.3043,3.6887,2.3785,3.2102,51.963,2.6655,9.246,0,0.4432,1.3027,2.9783,21.837,1.8116,2.8569,3.854,33.932,24.781,32.826,0,80.817,4.1168,1.8698,104.64,3.4212,13.669,53.336,1.7915,2.3981,1.7021,0,1.6698,13.979,14.393,4.2073,3.8343,2.1368,8.6272,0,0,64.854,374.97,72.79,2.3214,0,183.41,0,1.202e-11,0,28.43,0,0,16.389,2.9755,16.198,0,56.289,14.585,6.3377,0,0,64.658,0.16968,225.68,5.9399,11.526,0.22114,0,2.9824,3.3088,2.925,0.067392,0.30574,0.40511,0.14141,6.2336,93.632,42.708,104.88,91.584,97.027,110.96,99.01,0,0,12.165,0,398.16,0,0,235.58,25.2,6.1706,1.5383,6.9184,0,0,0,0,17.823,9.3738,88.306,42.661,0,0,0,7.268,0.94092,162.48,2121
6.6513,102.59,142.27,23.618,0,0,67.405,152.05,0,377.67,156.5,0,0,0,25.343,4.3569,86.182,101.43,314.68,57.251,28.875,17.052,40.876,0,44.887,64.142,14.122,64.774,184.76,117.78,53.937,15.703,31.512,28.273,11.602,84.916,11.521,15.21,3.3384,0.81342,3.0981,0.88808,1.0113,174.04,134.33,3.1796,0.52874,1.6566,2.1854,45.182,1.0735,11.396,11.84,6.0292,3.0447,1.9633,2.6498,66.44,2.2001,7.6318,254.76,0.36583,2.6863,2.4583,45.031,1.4953,2.3581,3.1812,28.008,20.454,27.095,0,509.57,3.3981,1.5433,246,2.824,11.283,44.025,1.4788,1.9794,1.405,0,1.3783,11.539,11.88,3.4728,3.1649,1.7638,7.1211,1.9756,14.698,53.532,478.19,150.1,3.8071,0,233.9,0,26.461,0,46.625,0,0,33.797,4.8798,33.403,0,116.08,16.534,7.1846,0,0,54.203,0.27827,189.19,13.86,18.903,0.36267,0,16.216,41.263,2.4144,0.055627,0.71876,0.95238,1.7634,33.895,77.286,35.252,86.571,75.596,80.088,91.586,81.725,20.781,0,13.79,53.75,634.96,0,0,300.43,32.137,5.1729,1.2698,5.7106,0,0,0,0,22.789,7.8581,112.61,54.405,0,0,0,5.9992,11.734,207.21,2886
36.486,562.76,780.43,23.028,0,0,78.446,279.31,0,379.76,135.38,0,0,0,91.08,23.9,157.63,185.52,575.57,57.559,24.978,14.75,35.36,0,38.83,64.497,14.2,56.033,185.76,101.88,46.658,13.584,119.19,111.22,44.786,295.64,40.11,52.953,36.817,8.9707,28.213,8.0873,9.2093,1584.9,242.86,17.442,5.8312,18.269,19.901,88.968,9.7763,103.78,107.82,33.073,16.702,10.77,14.535,122.04,12.069,41.865,601.47,2.0068,2.3238,13.485,38.954,8.2026,12.936,17.451,153.64,112.2,148.63,0,1813.3,18.641,8.4661,2713,15.491,61.892,241.5,8.1118,10.858,7.7071,0,7.5609,63.298,65.171,19.05,17.361,9.6754,39.063,3.5717,26.572,293.65,874.63,129.84,8.0829,0,427.81,0,62.474,0,98.989,0,236.4,29.236,10.36,28.895,0,100.41,16.121,7.0051,0,0,63.082,0.59078,220.18,18.329,40.133,0.76998,0,56.458,375.76,13.244,0.30515,7.9268,10.503,16.059,118.01,423.96,193.38,474.89,414.68,439.33,502.4,448.31,49.062,0,13.446,0,1250.3,0,0,549.5,58.781,6.0202,6.9654,31.326,0,0,0,0,41.861,9.1453,205.98,99.509,0,0,0,32.909,106.85,378.99,3056
47.05,725.7,1006.4,34.888,0,0,103.05,216.05,0,363.63,336.82,0,0,0,75.05,30.82,122.11,143.72,445.88,55.178,62.145,36.698,87.974,0,96.607,61.757,13.597,139.41,178.07,253.48,116.08,33.796,54.338,49.868,20.241,139.77,18.964,25.036,29.045,7.0771,13.781,3.9505,4.4986,774.2,349.61,22.492,4.6003,14.413,9.7214,45.348,4.7756,50.694,52.67,42.65,21.538,13.888,18.744,94.404,15.564,53.987,761.74,2.5878,5.7815,17.39,96.916,10.578,16.681,22.503,198.12,144.69,191.67,0,848.98,24.038,10.917,2140.3,19.976,79.813,311.43,10.461,14.002,9.9386,25.791,9.7501,81.625,84.041,24.566,22.388,12.477,50.374,5.1416,38.252,378.68,677.56,323.05,17.716,0,331.41,0,79.12,0,216.96,0,0,72.738,22.707,71.89,0,249.82,24.423,10.613,0,0,82.868,1.2949,289.24,19.008,87.961,1.6876,0,26.693,183.55,17.079,0.3935,6.2535,8.2861,7.8444,55.792,546.71,249.37,612.39,534.75,566.53,647.87,578.11,62.135,54.866,20.371,0,637.29,0,0,425.69,45.536,7.9085,8.9821,40.396,0,0,0,0,32.38,12.014,159.57,77.088,0,0,30.918,42.438,52.197,293.6,2594.3
22.788,351.49,487.44,31.263,0,0,87.046,38.038,0,337.66,192.13,0,0,0,42,14.928,22.166,26.088,80.936,51.345,35.449,20.934,50.183,0,55.107,57.347,12.626,79.521,165.7,144.59,66.217,19.278,31.693,28.444,11.67,85.351,11.58,15.288,9.1706,2.2345,3.1808,0.9118,1.0383,178.69,221.51,10.894,1.4525,4.5506,2.2438,96.71,1.1022,11.7,12.156,20.657,10.432,6.7265,9.0785,16.621,7.538,26.148,609.9,1.2534,3.2979,8.4226,55.283,5.1232,8.0793,10.899,95.959,70.08,92.832,0,512.26,11.643,5.2877,675.77,9.6754,38.656,150.84,5.0665,6.7818,4.8137,40.533,4.7224,39.534,40.704,11.898,10.844,6.043,24.398,3.2577,24.236,183.41,122.99,184.27,16.88,0,60.158,0,63.349,0,206.72,0,123.78,41.491,21.635,41.008,0,142.5,21.886,9.5102,0,0,69.998,1.2337,244.32,19.064,83.809,1.608,0,16.299,42.365,8.272,0.19059,1.9745,2.6162,1.8105,34.068,264.8,120.78,296.61,259,274.39,313.79,280,49.749,86.225,18.254,0,1359.1,0,0,77.27,8.2657,6.6802,4.3504,19.565,0,0,0,0,5.7008,10.148,28.964,13.993,0,0,48.59,20.554,12.047,53.293,2582
10.129,156.23,216.66,11.472,0,0,45.597,9.1258,0,124.02,61.037,0,0,0,14.287,6.6351,5.9329,6.9825,21.663,19.811,11.262,6.6503,15.942,0,17.507,21.063,4.6374,25.263,63.935,45.935,21.036,6.1244,0.13742,0,0,9.5146,1.2909,1.7042,3.7101,0.90398,1.6485,0.47254,0.5381,92.606,27.577,4.8422,0.58761,1.841,1.1628,52.242,0.57123,6.0637,6.3001,9.1817,4.6367,2.9898,4.0353,3.9875,3.3505,11.622,76.765,0.55711,1.0477,3.7437,17.563,2.2772,3.5912,4.8446,42.653,31.15,41.263,0,43.062,5.1749,2.3503,273.39,4.3006,17.182,67.044,2.252,3.0144,2.1396,16.996,2.099,17.573,18.093,5.2887,4.8198,2.686,10.845,0.40557,3.0173,81.523,32.919,58.541,18.151,0,16.102,0,7.9734,0,222.29,0,797.94,13.181,23.265,13.028,0,45.271,8.0309,3.4898,0,0,36.667,1.3267,127.98,15.698,90.122,1.7291,0,1.817,21.956,3.6768,0.084713,0.79879,1.0584,0.9383,3.7978,117.7,53.685,131.84,115.12,121.96,139.47,124.46,6.2617,36.155,6.6983,36.814,734.17,0,0,20.682,2.2124,3.4993,1.9337,8.6966,0,0,0,0,1.3677,5.3157,7.7525,3.7453,0,0,20.374,9.1361,6.2435,14.264,2165.5
5.4764,84.468,117.14,7.4413,0,0,38.065,2.8237,0,23.446,46.808,0,0,0,8.6154,3.5873,2.3945,2.8181,8.7431,4.9657,8.6363,5.1,12.226,0,13.425,3.982,0.87669,19.373,16.026,35.226,16.132,4.6967,0,0,0,8.1684,1.1082,1.4631,1.1794,0.28737,1.2317,0.35307,0.40206,69.193,1.7792,2.618,0.1868,0.58524,0.86883,11.135,0.42681,4.5307,4.7073,4.9642,2.5069,1.6165,2.1817,1.2338,1.8115,6.2838,25.307,0.30121,0.80346,2.0241,13.468,1.2312,1.9416,2.6193,23.061,16.841,22.309,0,34.733,2.7979,1.2707,86.909,2.3252,9.2898,36.248,1.2176,1.6298,1.1568,12.994,1.1349,9.5008,9.782,2.8594,2.6059,1.4522,5.8632,0.026166,0.19467,44.076,13.286,44.894,12.508,0,6.4986,0,2.6286,0,153.18,0,715.74,10.108,16.032,9.9906,0,34.717,5.2093,2.2636,0,0,30.61,0.91421,106.84,3.3093,62.103,1.1915,0,1.5599,16.405,1.9879,0.045801,0.25393,0.33647,0.70108,3.2605,63.635,29.026,71.279,62.243,65.942,75.409,67.289,2.0643,27.642,4.3449,0,156.48,0,0,8.3471,0.8929,2.9212,1.0455,4.7019,0,0,0,0,0.42319,4.4377,3.1289,1.5116,0,0,15.577,4.9395,4.665,5.757,2066
2.0804,32.088,44.499,7.1056,0,0,22.321,0,0,16.88,37.63,0,0,0,7.7964,1.3628,0.086907,0.10228,0.31733,3.9965,6.9429,4.1,9.8286,0,10.793,2.8668,0.63118,15.575,12.898,28.319,12.969,3.7757,0.76678,0,0,11.027,1.4961,1.9751,1.6761,0.4084,0.81736,0.2343,0.26681,45.917,0,0.99451,0.26547,0.83171,0.57657,5.602,0.28323,3.0066,3.1238,1.8858,0.95232,0.61407,0.82879,0,0.68816,2.3871,0,0.11442,0.64592,0.76891,10.828,0.4677,0.73757,0.99501,8.7603,6.3977,8.4748,0,52.42,1.0629,0.48272,123.51,0.88328,3.529,13.77,0.46253,0.61912,0.43945,9.2637,0.43111,3.6092,3.716,1.0862,0.98992,0.55168,2.2273,0,0,16.744,0.48221,36.091,11.947,0,0.23586,0,1.202e-11,0,146.31,0,0,8.1264,15.313,8.0317,0,27.91,4.9743,2.1615,0,0,17.95,0.8732,62.651,2.1779,59.318,1.1381,0,2.1059,10.886,0.75516,0.017399,0.36087,0.47816,0.46524,4.4016,24.174,11.026,27.078,23.645,25.05,28.646,25.562,0,19.707,4.1488,76.914,78.727,0,0,0.30296,0.032407,1.713,0.39715,1.7862,0,0,0,0,0,2.6023,0.11356,0.054862,0,0,11.105,1.8764,3.0957,0.20895,1740
0.74886,11.55,16.018,5.2128,0,0,17.487,0,0,24.705,23.018,0,0,0,2.2733,0.49054,0,4.1231e-11,1.2738e-09,5.1515,4.2469,2.5079,6.0121,0,6.602,4.1958,0.92377,9.527,16.625,17.323,7.9331,2.3096,1.6011,0,0.28145,13.032,1.7681,2.3342,0.63711,0.15524,0.21007,0.060217,0.068572,11.801,0,0.35799,0.10091,0.31615,0.14818,0.80109,0.072793,0.77271,0.80283,0.67882,0.3428,0.22104,0.29833,0,0.24771,0.85926,0,0.041188,0.3951,0.27678,6.6232,0.16835,0.2655,0.35817,3.1534,2.3029,3.0506,0,64.825,0.38259,0.17376,46.948,0.31795,1.2703,4.9567,0.16649,0.22286,0.15818,6.3979,0.15518,1.2992,1.3376,0.391,0.35634,0.19858,0.80175,0,0,6.0271,0,22.077,8.9272,0,5.1792e-10,0,1.202e-11,0,109.33,0,0,4.9708,11.442,4.9129,0,17.072,3.6492,1.5857,0,0,14.062,0.6525,49.083,1.9234,44.325,0.85041,0,2.4888,2.7979,0.27183,0.006263,0.13717,0.18176,0.11957,5.2019,8.7016,3.969,9.7469,8.5112,9.017,10.312,9.2013,0,13.61,3.0437,232.18,11.258,0,0,7.5919e-10,1.1569e-10,1.342,0.14296,0.64295,0,0,0,0,0,2.0387,0,5.5853e-11,0,0,7.6698,0.67544,0.79563,7.2884e-11,1453
0.80832,12.468,17.29,3.162,0,0,43.669,0,0,29.335,17.248,0,0,0,1.9455,0.5295,0,4.1231e-11,1.2738e-09,5.8349,3.1823,1.8793,4.505,0,4.9471,4.9821,1.0969,7.1388,18.831,12.98,5.9445,1.7306,2.1464,0.49151,0.48785,14.343,1.9459,2.569,0.887,0.21612,0.82516,0.23654,0.26935,46.355,0,0.38642,0.14049,0.44015,0.58206,0.35043,0.28594,3.0353,3.1536,0.73272,0.37002,0.2386,0.32202,0,0.26738,0.92749,0,0.044459,0.29606,0.29876,4.9629,0.18172,0.28658,0.38661,3.4038,2.4858,3.2929,0,72.934,0.41297,0.18756,65.362,0.34319,1.3712,5.3503,0.17971,0.24056,0.17075,6.9387,0.16751,1.4023,1.4438,0.42205,0.38463,0.21435,0.86542,0,0,6.5057,0,16.543,4.7605,0,5.1792e-10,0,1.202e-11,0,58.301,0,0,3.7248,6.1018,3.6814,0,12.793,2.2136,0.96188,0,0,35.117,0.34795,122.57,2.6871,23.637,0.45349,0,2.739,10.99,0.29342,0.0067603,0.19097,0.25305,0.46968,5.725,9.3926,4.2842,10.521,9.1871,9.7331,11.13,9.932,0,14.761,1.8462,375.43,4.9247,0,0,7.5919e-10,1.1569e-10,3.3513,0.15431,0.69401,0,0,0,0,0,5.091,0,5.5853e-11,0,0,8.3181,0.72908,3.1253,7.2884e-11,1516.4
0.22255,3.4326,4.7603,5.1404,0,0,22.162,2.3496,0,31.283,13.282,0,0,0,4.0855,0.14578,2.1283,2.5048,7.7711,6.1224,2.4506,1.4471,3.4691,0,3.8095,5.3129,1.1697,5.4973,19.759,9.9956,4.5776,1.3327,1.145,0,0.10883,11.936,1.6194,2.1379,2.4812,0.60457,0.86941,0.24922,0.2838,48.841,0,0.10639,0.39299,1.2312,0.61328,0.62614,0.30127,3.198,3.3227,0.20173,0.10188,0.06569,0.08866,1.0267,0.073616,0.25536,0,0.01224,0.22798,0.082255,3.8217,0.050032,0.078902,0.10644,0.93713,0.6844,0.90659,0,58.043,0.1137,0.05164,182.84,0.094489,0.37752,1.4731,0.049479,0.06623,0.04701,4.6224,0.046118,0.38609,0.39752,0.1162,0.1059,0.059016,0.23827,0,0,1.7912,11.809,12.739,1.4939,0,5.7761,0,1.202e-11,0,18.296,0,0,2.8683,1.9149,2.8349,0,9.8512,3.5985,1.5637,0,0,17.821,0.10919,62.203,2.6305,7.4176,0.14231,0,2.2794,11.58,0.080784,0.0018613,0.53422,0.70786,0.49487,4.7643,2.586,1.1795,2.8966,2.5294,2.6797,3.0644,2.7345,0,9.8333,3.0014,50.36,8.7994,0,0,7.4192,0.79364,1.7008,0.042486,0.19107,0,0,0,0,0.35214,2.5836,2.781,1.3435,0,0,5.5413,0.20073,3.2929,5.117,1475.1
2.6401,40.721,56.472,16.65,0,0,75.777,17.63,0,56.683,25.983,0,0,0,5.3992,1.7294,10.707,12.602,39.096,9.8716,4.794,2.831,6.7865,0,7.4525,9.6268,2.1195,10.754,31.858,19.554,8.955,2.6071,0,0,0,6.8862,0.93427,1.2334,2.1702,0.52879,0.21964,0.062962,0.071698,12.339,0.88958,1.2621,0.34373,1.0769,0.15494,8.9267,0.076112,0.80794,0.83943,2.3932,1.2086,0.77929,1.0518,7.7032,0.87331,3.0293,0,0.14521,0.446,0.9758,7.4763,0.59354,0.93603,1.2627,11.117,8.1191,10.755,0,26.8,1.3488,0.61261,159.92,1.1209,4.4785,17.475,0.58697,0.7857,0.55769,0.89304,0.54711,4.5802,4.7158,1.3785,1.2563,0.70011,2.8266,0.013083,0.097333,21.249,59.411,24.921,1.7219,0,29.06,0,1.202e-11,0,21.088,0,73.053,5.6111,2.2071,5.5458,0,19.271,11.656,5.0649,0,0,60.936,0.12586,212.69,2.8851,8.5496,0.16403,0,1.3151,2.9254,0.95835,0.02208,0.46725,0.61912,0.12502,2.7487,30.678,13.993,34.363,30.007,31.79,36.354,32.44,0,1.8998,9.7217,0.39139,125.45,0,0,37.326,3.9928,5.8154,0.50401,2.2667,0,0,0,0,2.6422,8.8342,13.991,6.7593,0,0,1.0706,2.3813,0.8319,25.744,2567
18.427,284.22,394.16,48.217,0,0,116.06,58.832,0,219.22,294.27,0,0,0,27.784,12.071,33.841,39.828,123.57,33.863,54.294,32.062,76.861,0,84.403,37.231,8.1971,121.8,109.28,221.46,101.42,29.527,6.2789,4.401,2.0518,24.274,3.2934,4.3479,9.2257,2.2479,2.6408,0.75699,0.86201,148.35,0,8.8091,1.4612,4.578,1.8628,42.226,0.91508,9.7138,10.092,16.704,8.4354,5.4393,7.3412,25.707,6.0955,21.144,0,1.0135,5.0511,6.8108,84.673,4.1428,6.5332,8.8135,77.596,56.669,75.067,0,134.38,9.4145,4.2758,679.83,7.8238,31.259,121.97,4.0969,5.484,3.8925,0,3.8187,31.969,32.915,9.6215,8.7685,4.8866,19.729,0,0,148.31,187.77,282.24,5.4044,0,91.844,0,1.202e-11,0,66.186,0,0,63.549,6.927,62.808,0,218.26,33.754,14.668,0,0,93.331,0.39501,325.76,10.211,26.833,0.51482,0,4.6357,35.172,6.689,0.15412,1.9863,2.6319,1.5031,9.6893,214.12,97.667,239.85,209.44,221.88,253.74,226.42,0,0,28.153,0,593.42,0,0,117.97,12.619,8.907,3.5179,15.821,0,0,0,0,8.8172,13.531,44.22,21.363,0,0,0,16.621,10.002,81.363,2342.4
28.514,439.81,609.92,35.351,0,0,95.291,234.45,0,321.57,218.76,0,0,0,57.489,18.678,132.45,155.88,483.61,48.97,40.362,23.835,57.138,0,62.745,54.614,12.024,90.543,158.04,164.63,75.395,21.95,54.168,49.707,20.176,139.37,18.908,24.962,52.228,12.726,11.842,3.3945,3.8654,665.23,146.78,13.631,8.272,25.916,8.3531,75.249,4.1034,43.558,45.256,25.847,13.053,8.4167,11.36,102.44,9.4321,32.718,407.44,1.5683,3.755,10.539,62.946,6.4105,10.109,13.638,120.07,87.689,116.16,0,846.45,14.568,6.6164,3848.6,12.107,48.37,188.74,6.3396,8.4858,6.0232,0,5.909,49.468,50.932,14.888,13.568,7.5615,30.529,2.1587,16.06,229.5,734.89,209.81,6.3311,0,359.46,0,42.32,0,77.536,0,0,47.242,8.1149,46.692,0,162.25,24.747,10.754,0,0,76.628,0.46275,267.46,7.5804,31.435,0.60311,0,26.615,157.72,10.351,0.23848,11.245,14.9,6.7403,55.629,331.33,151.13,371.13,324.08,343.34,392.63,350.36,33.235,0,20.641,0,1057.5,0,0,461.71,49.389,7.3129,5.4435,24.482,0,0,0,0,35.138,11.109,173.07,83.61,0,0,0,25.719,44.85,318.44,2490
49.547,764.21,1059.8,45.828,0,0,119.34,349.31,0,417.21,350.81,0,0,0,109.13,32.456,196.93,231.77,719.07,63.087,64.726,38.223,91.628,0,100.62,70.857,15.6,145.2,203.6,264.01,120.91,35.2,128.23,119.77,48.207,317.36,43.057,56.844,101.81,24.806,14.321,4.1053,4.6749,804.54,335.37,23.686,16.125,50.518,10.102,124.28,4.9627,52.68,54.734,44.913,22.681,14.625,19.739,152.63,16.389,56.851,1081.5,2.7251,6.0216,18.313,100.94,11.139,17.566,23.697,208.64,152.37,201.84,0,1947.7,25.313,11.497,7502,21.036,84.047,327.95,11.016,14.745,10.466,0,10.267,85.957,88.5,25.87,23.576,13.139,53.047,4.9322,36.694,398.77,1092.7,336.46,12.955,0,534.47,0,112.33,0,158.66,0,0,75.759,16.605,74.876,0,260.19,32.082,13.941,0,0,95.964,0.94691,334.95,2.4891,64.325,1.2341,0,60.606,190.75,17.985,0.41438,21.919,29.044,8.1518,126.68,575.72,262.6,644.89,563.13,596.59,682.24,608.79,88.218,0,26.758,0,1746.5,0,0,686.5,73.436,9.1583,9.4587,42.54,0,0,0,0,52.351,13.912,257.33,124.32,0,0,0,44.689,54.242,473.48,2679
60.042,926.09,1284.3,41.463,0,0,109.82,236.35,0,581.83,342.26,0,0,0,97.641,39.331,133.51,157.13,487.49,87.385,63.149,37.291,89.395,0,98.167,98.815,21.756,141.66,282.02,257.57,117.96,34.342,65.901,60.806,24.617,167.56,22.734,30.013,49.606,12.087,13.374,3.8339,4.3658,751.34,405.65,28.703,7.8568,24.615,9.4343,280.5,4.6346,49.197,51.114,54.426,27.485,17.723,23.92,103.27,19.861,68.894,1213.1,3.3024,5.8749,22.192,98.481,13.498,21.287,28.717,252.83,184.65,244.59,0,1020.9,30.676,13.932,3655.4,25.492,101.85,397.42,13.349,17.869,12.683,25.791,12.442,104.16,107.25,31.35,28.571,15.922,64.283,5.9658,44.384,483.25,740.79,328.26,22.069,0,362.34,0,126,0,270.27,0,0,73.913,28.286,73.051,0,253.85,29.026,12.613,0,0,88.312,1.613,308.24,20.195,109.57,2.1023,0,31.999,178.13,21.795,0.50216,10.68,14.152,7.6127,66.884,697.68,318.23,781.49,682.42,722.97,826.76,737.75,98.952,54.866,24.21,0,3942,0,0,465.41,49.786,8.428,11.462,51.551,0,0,0,0,35.422,12.803,174.46,84.282,0,0,30.918,54.156,50.656,320.99,2871
36.486,562.76,780.43,35.351,0,0,98.023,31.326,0,264.14,215.06,0,0,0,60.38,23.9,18.397,21.652,67.176,40.493,39.68,23.432,56.172,0,61.684,44.86,9.8767,89.012,130.68,161.85,74.12,21.579,31.319,28.09,11.529,84.452,11.458,15.127,10.257,2.4991,4.8183,1.3812,1.5728,270.68,410.99,17.442,1.6245,5.0896,3.3988,216.75,1.6697,17.724,18.415,33.073,16.702,10.77,14.535,13.688,12.069,41.865,349.24,2.0068,3.6915,13.485,61.881,8.2026,12.936,17.451,153.64,112.2,148.63,0,506.7,18.641,8.4661,755.81,15.491,61.892,241.5,8.1118,10.858,7.7071,40.533,7.5609,63.298,65.171,19.05,17.361,9.6754,39.063,6.0443,44.968,293.65,102.08,206.27,18.896,0,49.93,0,36.275,0,231.41,0,0,46.443,24.219,45.902,0,159.51,24.747,10.754,0,0,78.825,1.3811,275.13,14.906,93.819,1.8,0,16.128,64.175,13.244,0.30515,2.2083,2.9261,2.7426,33.71,423.96,193.38,474.89,414.68,439.33,502.4,448.31,28.487,86.225,20.641,0,3046.1,0,0,64.133,6.8604,7.5227,6.9654,31.326,0,0,0,0,4.6949,11.428,24.04,11.614,0,0,48.59,32.909,18.249,44.233,2444
10.451,161.19,223.54,26.557,0,0,52.387,4.2428,0,109.3,150.28,0,0,0,16.513,6.8458,3.1913,3.7558,11.652,17.638,27.727,16.374,39.252,0,43.103,18.563,4.0869,62.2,56.923,113.1,51.794,15.079,2.0558,0.40575,0.45354,14.125,1.9164,2.53,4.9093,1.1962,1.3123,0.37617,0.42836,73.719,49.817,4.9959,0.77755,2.4361,0.92567,69.656,0.45473,4.827,5.0152,9.4733,4.784,3.0848,4.1634,1.8539,3.4569,11.991,70.86,0.5748,2.5795,3.8626,43.241,2.3495,3.7052,4.9984,44.007,32.139,42.573,0,71.586,5.3393,2.425,361.76,4.4371,17.728,69.173,2.3235,3.1101,2.2076,16.996,2.1657,18.131,18.667,5.4566,4.9729,2.7713,11.189,0.73264,5.4507,84.112,17.707,144.13,16.351,0,8.661,0,7.3601,0,200.25,0,191.77,32.454,20.958,32.075,0,111.46,18.591,8.0786,0,0,42.127,1.1951,147.04,3.3376,81.186,1.5576,0,2.6974,17.478,3.7935,0.087403,1.057,1.4005,0.74694,5.6381,121.44,55.39,136.02,118.78,125.84,143.9,128.41,5.78,36.155,15.506,0,978.89,0,0,11.125,1.19,4.0204,1.9951,8.9727,0,0,0,0,0.63588,6.1074,4.17,2.0146,0,0,20.374,9.4262,4.9702,7.6727,2211
8.9276,137.7,190.96,15.979,0,0,61.633,8.5538,0,38.531,71.273,0,0,0,28.359,5.848,5.6117,6.6045,20.49,7.1923,13.15,7.7656,18.616,0,20.443,6.5439,1.4408,29.499,23.211,53.638,24.564,7.1514,1.9324,0.28906,0.40686,13.829,1.8761,2.4769,2.8096,0.68459,3.8922,1.1157,1.2705,218.65,15.123,4.2678,0.445,1.3942,2.7455,35.533,1.3487,14.317,14.875,8.0926,4.0867,2.6352,3.5566,3.7376,2.9531,10.244,32.899,0.49103,1.2234,3.2997,20.508,2.0071,3.1652,4.2699,37.593,27.455,36.368,0,69.752,4.5611,2.0715,207.04,3.7904,15.144,59.092,1.9849,2.6568,1.8858,12.994,1.85,15.488,15.946,4.6614,4.2481,2.3674,9.5582,0.22241,1.6547,71.853,31.137,68.359,20.653,0,15.23,0,3.4172,0,252.93,0,1062.1,15.392,26.472,15.212,0,52.863,11.186,4.8608,0,0,49.562,1.5095,172.99,1.8668,102.54,1.9674,0,2.6408,51.839,3.2406,0.074665,0.60493,0.80155,2.2154,5.5197,103.74,47.317,116.2,101.47,107.5,122.93,109.69,2.6836,27.642,9.3299,75.528,499.36,0,0,19.562,2.0926,4.7299,1.7043,7.665,0,0,0,0,1.282,7.1853,7.3328,3.5425,0,0,15.577,8.0524,14.741,13.492,1830
1.6941,26.129,36.236,7.9349,0,0,24.49,0,0,60.105,34.528,0,0,0,3.5288,1.1097,0,4.1231e-11,1.2738e-09,10.377,6.3706,3.762,9.0184,0,9.9033,10.208,2.2474,14.291,33.488,25.985,11.9,3.4645,0.32069,0,0,9.9551,1.3506,1.7831,1.4294,0.34828,0.56219,0.16115,0.18351,31.582,0,0.80984,0.22639,0.70929,0.39657,0.99009,0.19481,2.0679,2.1486,1.5356,0.77549,0.50004,0.67489,0,0.56037,1.9438,0,0.093176,0.59267,0.62613,9.935,0.38085,0.60061,0.81024,7.1336,5.2097,6.9011,0,45.787,0.8655,0.39309,105.33,0.71926,2.8737,11.213,0.37664,0.50415,0.35785,9.2637,0.35106,2.939,3.0259,0.88453,0.80611,0.44924,1.8137,0,0,13.635,0,33.116,15.372,0,5.1792e-10,0,1.202e-11,0,188.26,0,131.54,7.4565,19.703,7.3696,0,25.609,5.5548,2.4138,0,0,19.694,1.1236,68.739,1.8385,76.325,1.4644,0,1.9011,7.4877,0.61494,0.014168,0.30775,0.40778,0.32,3.9736,19.685,8.9787,22.05,19.254,20.398,23.327,20.815,0,19.707,4.6331,0,13.914,0,0,7.5919e-10,1.1569e-10,1.8795,0.32341,1.4545,0,0,0,0,0,2.8551,0,5.5853e-11,0,0,11.105,1.528,2.1293,7.2884e-11,2050
1.1504,17.745,24.608,2.4007,0,0,2.4194,0,0,12.1,3.6159,0,0,0,1.8449,0.7536,0,4.1231e-11,1.2738e-09,3.291,0.66715,0.39397,0.94444,0,1.0371,2.055,0.45244,1.4966,10.621,2.7212,1.2462,0.36281,0,0,0,6.4731,0.87822,1.1594,1.3316,0.32446,0.46971,0.13465,0.15333,26.387,0,0.54997,0.21091,0.66078,0.33133,0.82472,0.16277,1.7278,1.7951,1.0428,0.52664,0.33958,0.45832,0,0.38055,1.3201,0,0.063276,0.062067,0.42521,1.0404,0.25864,0.40788,0.55024,4.8444,3.5379,4.6866,0,24.244,0.58776,0.26695,98.126,0.48845,1.9515,7.6148,0.25578,0.34237,0.24301,6.3979,0.23841,1.9959,2.0549,0.60069,0.54743,0.30508,1.2317,0,0,9.2593,0,3.468,4.9533,0,5.1792e-10,0,1.202e-11,0,60.662,0,0,0.78087,6.3489,0.77177,0,2.6819,1.6806,0.73029,0,0,1.9456,0.36204,6.7908,1.7254,24.594,0.47185,0,1.2362,6.256,0.41761,0.0096216,0.2867,0.37989,0.26736,2.5838,13.368,6.0975,14.974,13.076,13.853,15.841,14.136,0,13.61,1.4017,94.071,11.59,0,0,7.5919e-10,1.1569e-10,0.18568,0.21963,0.98775,0,0,0,0,0,0.28206,0,5.5853e-11,0,0,7.6698,1.0377,1.779,7.2884e-11,1861
0.68523,10.569,14.657,2.11,0,0,7.2574,0,0,24.237,4.6786,0,0,0,1.9017,0.44886,0.41459,0.48794,1.5138,5.0824,0.86322,0.50976,1.222,0,1.3419,4.1163,0.90627,1.9364,16.402,3.521,1.6125,0.46944,1.0671,0,0.079356,11.749,1.594,2.1044,0.63711,0.15524,0.42918,0.12303,0.1401,24.11,0,0.32757,0.10091,0.31615,0.30274,0.22117,0.14872,1.5787,1.6402,0.62114,0.31367,0.20226,0.27298,0,0.22666,0.78625,0,0.037688,0.080308,0.25326,1.3462,0.15405,0.24294,0.32773,2.8854,2.1073,2.7914,0,56.885,0.35008,0.159,46.948,0.29093,1.1624,4.5355,0.15235,0.20392,0.14474,6.9387,0.142,1.1888,1.224,0.35778,0.32606,0.18171,0.73363,0,0,5.515,2.3004,4.4873,2.6663,0,1.1252,0,1.202e-11,0,32.653,0,0,1.0104,3.4175,0.99859,0,3.4701,1.4771,0.64186,0,0,5.8361,0.19488,20.37,1.782,13.238,0.25399,0,2.2437,5.7162,0.24873,0.0057308,0.13717,0.18176,0.24429,4.6896,7.9622,3.6318,8.9187,7.788,8.2509,9.4354,8.4195,0,14.761,1.232,117.98,3.1081,0,0,1.4453,0.1546,0.55696,0.13081,0.58832,0,0,0,0,0,0.84608,0.54175,0.26172,0,0,8.3181,0.61805,1.6255,0.99679,1520
1.8435,28.434,39.432,8.6251,0,0,33.709,0,0,31.565,57.271,0,0,0,4.9912,1.2076,0,4.1231e-11,1.2738e-09,6.1641,10.567,6.24,14.959,0,16.426,5.3608,1.1803,23.704,19.893,43.1,19.738,5.7465,0,0,0,6.8174,0.92493,1.2211,1.7957,0.43753,0.38907,0.11153,0.127,21.857,0,0.88127,0.2844,0.89104,0.27445,0.38939,0.13482,1.4312,1.487,1.6711,0.84388,0.54415,0.73441,0,0.6098,2.1153,0,0.10139,0.98305,0.68136,16.479,0.41444,0.65359,0.88171,7.7627,5.6692,7.5098,0,26.374,0.94184,0.42776,132.32,0.7827,3.1272,12.202,0.40986,0.54862,0.38941,4.6224,0.38202,3.1982,3.2928,0.96254,0.8772,0.48886,1.9737,0,0,14.837,0,54.929,2.9496,0,5.1792e-10,0,1.202e-11,0,36.123,0,0,12.368,3.7806,12.224,0,42.478,6.038,2.6238,0,0,27.107,0.21559,94.615,3.3093,14.645,0.28098,0,1.3019,5.182,0.66917,0.015418,0.38661,0.51227,0.22146,2.7212,21.421,9.7706,23.994,20.952,22.197,25.384,22.651,0,9.8333,5.0361,0,5.4722,0,0,7.5919e-10,1.1569e-10,2.587,0.35193,1.5828,0,0,0,0,0,3.9299,0,5.5853e-11,0,0,5.5413,1.6628,1.4736,7.2884e-11,1700
2.1466,33.109,45.915,11.682,0,0,19.802,1.5,0,20.855,25.309,0,0,0,2.8431,1.4061,1.6513,1.9434,6.0293,4.5832,4.6696,2.7576,6.6105,0,7.2591,3.5419,0.77981,10.475,14.791,19.047,8.7227,2.5395,0,0,0,6.0821,0.82518,1.0894,0.5991,0.14598,0.46261,0.13261,0.15101,25.988,0,1.0262,0.094888,0.29728,0.32632,8.9267,0.1603,1.7017,1.768,1.9458,0.98263,0.63361,0.85516,0.65541,0.71005,2.463,0,0.11806,0.43443,0.79338,7.2824,0.48258,0.76104,1.0267,9.039,6.6013,8.7444,0,21.825,1.0967,0.49808,44.147,0.91138,3.6413,14.208,0.47724,0.63882,0.45343,0.89304,0.44483,3.724,3.8342,1.1208,1.0214,0.56923,2.2982,0,0,17.277,9.1621,24.274,0.93576,0,4.4815,0,1.202e-11,0,11.46,0,0,5.4656,1.1994,5.4019,0,18.772,8.178,3.5537,0,0,15.924,0.068395,55.579,3.9599,4.6462,0.089141,0,1.1615,6.1614,0.77919,0.017953,0.12899,0.17091,0.26332,2.4277,24.943,11.377,27.939,24.397,25.847,29.558,26.375,0,1.8998,6.8209,0,125.45,0,0,5.7562,0.61575,1.5197,0.40979,1.843,0,0,0,0,0.2248,2.3085,2.1577,1.0424,0,0,1.0706,1.9361,1.7521,3.9701,1970
8.9893,138.65,192.28,32.64,0,0,76.932,123.4,0,229.85,131.08,0,0,0,7.7964,5.8885,70.095,82.496,255.94,35.432,24.185,14.282,34.237,0,37.596,39.037,8.5945,54.253,114.35,98.647,45.176,13.152,1.4161,0,0.21146,12.588,1.7078,2.2546,0.84858,0.20676,0.031552,0.0090446,0.010299,1.7725,0,4.2973,0.1344,0.42108,0.022257,16.448,0.010933,0.11606,0.12058,8.1485,4.115,2.6534,3.5812,53.921,2.9735,10.315,0,0.49442,2.25,3.3225,37.717,2.0209,3.1871,4.2994,37.853,27.644,36.619,0,62.075,4.5926,2.0858,62.531,3.8166,15.249,59.5,1.9986,2.6752,1.8988,0,1.8628,15.595,16.057,4.6936,4.2775,2.3838,9.6243,0,0,72.35,388.93,125.72,2.6586,0,190.24,0,1.202e-11,0,32.559,0,0,28.307,3.4076,27.977,0,97.221,22.85,9.9291,0,0,61.865,0.19432,215.93,3.5922,13.2,0.25326,0,2.4039,0.42024,3.263,0.075181,0.1827,0.24209,0.017959,5.0245,104.45,47.644,117,102.17,108.24,123.78,110.45,0,0,19.058,128.74,231.15,0,0,244.35,26.138,5.904,1.7161,7.718,0,0,0,0,18.495,8.9688,91.594,44.25,0,0,0,8.108,0.1195,168.53,2306
25.707,396.5,549.87,27.227,0,0,66.482,216.89,0,307.96,151.62,0,0,0,40.221,16.839,122.58,144.27,447.59,46.961,27.975,16.52,39.602,0,43.488,52.302,11.515,62.754,151.56,114.1,52.255,15.213,56.484,51.897,21.053,144.93,19.663,25.959,10.802,2.632,5.0341,1.443,1.6433,282.8,76.504,12.289,1.7109,5.3601,3.551,19.309,1.7444,18.517,19.239,23.303,11.768,7.588,10.241,94.768,8.5035,29.497,157.75,1.4139,2.6025,9.5014,43.627,5.7793,9.1141,12.295,108.25,79.056,104.72,0,880.88,13.134,5.965,795.98,10.915,43.607,170.15,5.7154,7.6504,5.4302,0,5.3272,44.598,45.918,13.422,12.232,6.817,27.523,1.1251,8.3706,206.9,680.16,145.42,3.8003,0,332.69,0,16.385,0,46.542,0,0,32.743,4.8711,32.361,0,112.46,19.06,8.2825,0,0,53.461,0.27777,186.6,4.667,18.869,0.36202,0,27.677,67.049,9.3315,0.215,2.3257,3.0816,2.8654,57.85,298.71,136.25,334.59,292.17,309.54,353.98,315.86,12.868,0,15.897,0,271.35,0,0,427.32,45.711,5.1021,4.9076,22.071,0,0,0,0,32.505,7.7506,160.18,77.384,0,0,0,23.187,19.066,294.72,2471
30.546,471.14,653.37,27.894,0,0,57.144,279.31,0,373.8,226.96,0,0,0,94.622,20.009,157.63,185.52,575.57,56.679,41.875,24.729,59.28,0,65.097,63.484,13.977,93.937,182.92,170.8,78.221,22.773,91.329,84.863,34.24,228.67,31.025,40.959,70.293,17.127,16.441,4.7129,5.3668,923.61,319.36,14.602,11.133,34.881,11.597,48.964,5.6972,60.477,62.834,27.689,13.983,9.0163,12.169,122.04,10.104,35.049,556.76,1.6801,3.8957,11.29,65.305,6.8672,10.83,14.609,128.63,93.936,124.43,0,1399,15.606,7.0877,5179.8,12.969,51.816,202.18,6.7912,9.0904,6.4523,0,6.3299,52.992,54.561,15.949,14.535,8.1001,32.703,4.6967,34.943,245.84,874.63,217.68,8.3067,0,427.81,0,57.83,0,101.73,0,19.351,49.013,10.647,48.442,0,168.33,19.527,8.4854,0,0,45.952,0.60714,160.39,7.3258,41.244,0.7913,0,43.67,218.98,11.088,0.25547,15.134,20.053,9.3582,91.277,354.94,161.9,397.57,347.17,367.8,420.61,375.32,45.415,0,16.287,0,688.11,0,0,549.5,58.781,4.3854,5.8313,26.226,0,0,0,0,41.861,6.6619,205.98,99.509,0,0,0,27.551,62.27,378.99,2764
42.612,657.24,911.46,28.992,0,0,66.496,158.14,0,257.43,271.08,0,0,0,76.972,27.913,89.6,105.45,327.16,39.503,50.015,29.536,70.804,0,77.751,43.721,9.6258,112.2,127.49,204.01,93.427,27.2,65.571,60.494,24.492,166.77,22.626,29.871,19.365,4.7185,10.241,2.9357,3.343,575.32,200.16,20.37,3.0671,9.6094,7.2241,133.98,3.5488,37.671,39.14,38.626,19.506,12.578,16.976,69.1,14.095,48.894,102.92,2.3437,4.6531,15.749,78,9.5798,15.107,20.38,179.43,131.04,173.59,0,1016,21.77,9.8875,1427,18.092,72.283,282.05,9.4738,12.681,9.0011,25.791,8.8303,73.925,76.113,22.249,20.276,11.3,45.622,2.9437,21.9,342.96,497.15,260,10.992,0,243.17,0,10.69,0,134.62,0,0,58.541,14.089,57.859,0,201.06,20.296,8.8194,0,0,53.473,0.80344,186.64,6.2227,54.578,1.0471,0,31.848,136.4,15.468,0.35638,4.1694,5.5246,5.8293,66.567,495.14,225.85,554.62,484.31,513.09,586.75,523.58,8.3952,54.866,16.928,0,1882.9,0,0,312.34,33.412,5.1031,8.1348,36.585,0,0,0,0,23.701,7.7522,117.08,56.562,0,0,30.918,38.434,38.788,215.42,2884
8.5138,131.32,182.11,12.386,0,0,11.52,20.324,0,164.18,97.92,0,0,0,30.676,5.577,12.22,14.382,44.62,25.739,18.067,10.669,25.576,0,28.085,27.884,6.139,40.528,83.065,73.692,33.748,9.8252,5.712,3.8647,1.8373,22.912,3.1085,4.1038,4.5296,1.1037,3.5885,1.0287,1.1714,201.59,51.596,4.07,0.71741,2.2477,2.5313,23.307,1.2435,13.2,13.714,7.7175,3.8973,2.5131,3.3918,8.8806,2.8162,9.769,124.85,0.46827,1.6808,3.1467,28.175,1.914,3.0185,4.072,35.851,26.182,34.683,0,125.95,4.3497,1.9755,333.78,3.6148,14.442,56.353,1.8929,2.5337,1.7984,40.533,1.7643,14.77,15.207,4.4453,4.0512,2.2577,9.1152,0.75881,5.6453,68.523,67.805,93.916,8.2169,0,33.165,0,12.968,0,100.63,0,374.34,21.146,10.532,20.9,0,72.627,8.6708,3.7678,0,0,9.2638,0.60058,32.334,6.5621,40.798,0.78274,0,4.3755,47.795,3.0905,0.071204,0.97523,1.2922,2.0426,9.1454,98.929,45.124,110.81,96.765,102.52,117.23,104.61,10.184,86.225,7.232,0,327.54,0,0,42.599,4.5569,0.88408,1.6253,7.3098,0,0,0,0,3.046,1.343,15.968,7.7144,0,0,48.59,7.6792,13.591,29.381,2760
7.8037,120.36,166.92,10.155,0,0,18.42,0,0,44.659,66.092,0,0,0,13.261,5.1118,0,4.1231e-11,1.2738e-09,8.0968,12.194,7.2011,17.263,0,18.957,7.5847,1.6699,27.355,26.13,49.739,22.778,6.6316,0,0,0,4.1272,0.55995,0.73925,2.057,0.50121,1.6193,0.46419,0.5286,90.97,13.344,3.7305,0.3258,1.0207,1.1423,13.398,0.56114,5.9566,6.1888,7.0738,3.5723,2.3034,3.1089,0,2.5813,8.9541,15.184,0.42921,1.1345,2.8843,19.017,1.7544,2.7667,3.7324,32.861,23.998,31.79,0,9.7303,3.9869,1.8107,151.58,3.3132,13.238,51.653,1.735,2.3224,1.6484,16.996,1.6171,13.538,13.939,4.0745,3.7133,2.0694,8.3549,0.19625,1.46,62.807,0,63.389,10.73,0,5.1792e-10,0,1.5771,0,131.41,0,847.84,14.273,13.753,14.107,0,49.02,7.109,3.0892,0,0,14.813,0.78428,51.702,3.3942,53.277,1.0222,0,0.78818,21.568,2.8327,0.065265,0.44288,0.58684,0.92173,1.6474,90.677,41.36,101.57,88.693,93.964,107.45,95.885,1.2386,36.155,5.9293,21.012,188.29,0,0,7.5919e-10,1.1569e-10,1.4136,1.4898,6.7,0,0,0,0,0,2.1475,0,5.5853e-11,0,0,20.374,7.0386,6.1332,7.2884e-11,3038.7
3.4131,52.643,73.005,3.5944,0,0,19.996,0.55858,0,57.234,21.176,0,0,0,8.6154,2.2357,1.1227,1.3213,4.0994,9.9529,3.9071,2.3072,5.531,0,6.0737,9.7203,2.1401,8.7646,32.121,15.936,7.2982,2.1248,0,0,0,5.9964,0.81355,1.074,2.6225,0.639,0.58697,0.16826,0.1916,32.974,5.3375,1.6316,0.41536,1.3013,0.41404,23.493,0.2034,2.1591,2.2433,3.0938,1.5624,1.0074,1.3597,0.24407,1.129,3.9162,11.81,0.18772,0.36348,1.2615,6.0931,0.76731,1.2101,1.6324,14.372,10.496,13.904,0,21.295,1.7437,0.79196,193.25,1.4491,5.7897,22.591,0.75882,1.0157,0.72096,12.994,0.70728,5.9212,6.0964,1.7821,1.6241,0.90508,3.6541,0.078497,0.584,27.47,6.2294,20.31,4.6698,0,3.047,0,1.2267,0,57.19,0,1393.6,4.573,5.9855,4.5198,0,15.706,2.5163,1.0934,0,0,16.08,0.34132,56.124,2.2911,23.186,0.44485,0,1.1451,7.8177,1.2389,0.028545,0.56464,0.74816,0.3341,2.3935,39.659,18.09,44.423,38.791,41.097,46.997,41.937,0.96334,27.642,2.0987,20.596,330.15,0,0,3.9137,0.41865,1.5346,0.65157,2.9304,0,0,0,0,0.083715,2.3311,1.467,0.70874,0,0,15.577,3.0785,2.2231,2.6993,2213
1.9542,30.142,41.801,5.0422,0,0,16.339,0,0,19.256,25.957,0,0,0,4.6997,1.2801,0.30152,0.35486,1.1009,4.3472,4.7892,2.8282,6.7797,0,7.445,3.2703,0.72002,10.743,14.03,19.534,8.946,2.6045,2.1853,0.52829,0.50257,14.436,1.9586,2.5857,1.6674,0.40628,0.5025,0.14404,0.16403,28.229,0,0.93422,0.26409,0.8274,0.35446,2.3551,0.17413,1.8484,1.9204,1.7715,0.89458,0.57684,0.77854,0,0.64643,2.2423,0,0.10749,0.44555,0.72229,7.4688,0.43934,0.69285,0.93468,8.2291,6.0098,7.9609,0,73.512,0.99842,0.45346,122.87,0.82972,3.315,12.935,0.43448,0.58158,0.4128,9.2637,0.40497,3.3903,3.4907,1.0204,0.9299,0.51823,2.0923,0,0,15.729,1.673,24.896,8.2234,0,0.81831,0,1.202e-11,0,100.71,0,526.26,5.6055,10.54,5.5402,0,19.252,3.5298,1.5338,0,0,13.139,0.60106,45.861,2.0082,40.83,0.78336,0,2.7569,6.6928,0.70938,0.016344,0.359,0.47569,0.28602,5.7623,22.708,10.358,25.436,22.211,23.531,26.909,24.012,0,19.707,2.9441,54.852,33.097,0,0,1.0511,0.11244,1.2539,0.37307,1.6779,0,0,0,0,0,1.9049,0.394,0.19034,0,0,11.105,1.7627,1.9032,0.72493,1600
1.1017,16.992,23.565,1.6147,0,0,5.3919,0,0,14.361,6.8682,0,0,0,3.3073,0.72166,0,4.1231e-11,1.2738e-09,3.6247,1.2672,0.74833,1.7939,0,1.9699,2.439,0.53699,2.8427,11.698,5.1688,2.3671,0.68915,2.064,0.41351,0.45665,14.145,1.919,2.5335,0.12446,0.030325,0.66046,0.18933,0.21559,37.103,0,0.52666,0.019712,0.061757,0.46589,0.82642,0.22887,2.4295,2.5242,0.99865,0.50431,0.32519,0.43889,0,0.36442,1.2641,3.3743,0.060594,0.11789,0.40719,1.9762,0.24768,0.39059,0.52692,4.6391,3.388,4.4879,0,71.708,0.56285,0.25563,9.171,0.46775,1.8688,7.2921,0.24494,0.32786,0.23271,6.3979,0.2283,1.9113,1.9678,0.57523,0.52423,0.29215,1.1795,0,0,8.8668,0,6.5873,6.8095,0,5.1792e-10,0,0.35048,0,83.394,0,0,1.4832,8.728,1.4659,0,5.0941,1.1304,0.49119,0,0,4.3359,0.49771,15.134,0.67884,33.81,0.64867,0,2.7012,8.7967,0.39991,0.0092138,0.026796,0.035505,0.37594,5.6459,12.801,5.839,14.339,12.521,13.265,15.17,13.537,0.27524,13.61,0.9428,130.81,11.614,0,0,7.5919e-10,1.1569e-10,0.4138,0.21032,0.94588,0,0,0,0,0,0.6286,0,5.5853e-11,0,0,7.6698,0.99368,2.5015,7.2884e-11,2180
0.97868,15.095,20.934,5.7183,0,0,38.485,0,0,52.503,17.054,0,0,0,2.9794,0.64109,0.033699,0.03966,0.12305,9.2546,3.1465,1.8581,4.4543,0,4.8914,8.9168,1.9632,7.0585,29.867,12.834,5.8776,1.7112,7.0113,5.0939,2.329,26.034,3.5322,4.6631,0.15047,0.036663,0.20724,0.059406,0.067648,11.642,0,0.46786,0.023832,0.074666,0.14618,0.47611,0.071812,0.7623,0.79202,0.88715,0.44801,0.28888,0.38989,0,0.32373,1.123,0,0.053829,0.29273,0.36172,4.9071,0.22002,0.34698,0.46809,4.1212,3.0097,3.9869,0,145.27,0.50001,0.22709,11.088,0.41553,1.6602,6.4779,0.21759,0.29126,0.20673,6.9387,0.20281,1.6979,1.7481,0.511,0.4657,0.25953,1.0478,0,0,7.8769,0.18698,16.357,6.8403,0,0.091458,0,1.202e-11,0,83.772,0,833.73,3.6829,8.7676,3.64,0,12.649,4.0031,1.7395,0,0,30.948,0.49997,108.02,5.4307,33.963,0.65161,0,4.9718,2.7602,0.35526,0.0081851,0.032397,0.042927,0.11796,10.392,11.372,5.1871,12.738,11.123,11.784,13.476,12.025,0,14.761,3.3388,167.54,6.6909,0,0,0.11747,0.012566,2.9535,0.18684,0.84027,0,0,0,0,0,4.4867,0.044034,0.021273,0,0,8.3181,0.88274,0.78491,0.081021,2097
1.1193,17.264,23.941,10.925,0,0,33.709,0.57122,0,31.238,32.335,0,0,0,8.2336,0.73318,1.1298,1.3297,4.1253,6.1158,5.966,3.5231,8.4456,0,9.2743,5.3053,1.1681,13.383,19.737,24.334,11.144,3.2445,8.4162,6.423,2.8608,29.411,3.9902,5.2679,3.5225,0.85829,1.2499,0.35829,0.408,70.216,0,0.53506,0.55791,1.7479,0.88168,0.38406,0.43312,4.5976,4.7769,1.0146,0.51236,0.33038,0.4459,0.2496,0.37024,1.2843,0,0.061561,0.55503,0.41368,9.304,0.25163,0.39682,0.53533,4.7131,3.442,4.5595,0,166.16,0.57183,0.25971,259.57,0.47521,1.8986,7.4084,0.24884,0.33309,0.23643,4.6224,0.23194,1.9418,1.9992,0.5844,0.53259,0.29681,1.1983,0,0,9.0083,6.2688,31.013,3.1933,0,3.0663,0,1.202e-11,0,39.108,0,0,6.9829,4.093,6.9015,0,23.983,7.648,3.3234,0,0,27.107,0.2334,94.615,2.0082,15.855,0.3042,0,5.6166,16.647,0.40629,0.0093609,0.75841,1.0049,0.71144,11.74,13.006,5.9322,14.568,12.721,13.477,15.412,13.753,0,9.8333,6.3789,157.75,5.3973,0,0,3.9385,0.4213,2.587,0.21367,0.96097,0,0,0,0,0.08561,3.9299,1.4763,0.71322,0,0,5.5413,1.0095,4.734,2.7163,2176
1.3519,20.851,28.916,9.4372,0,0,18.708,18.719,0,94.788,25.255,0,0,0,2.5597,0.88553,11.319,13.322,41.331,15.496,4.6597,2.7517,6.5964,0,7.2437,16.098,3.5443,10.453,50.01,19.006,8.7041,2.5341,0,0,0,6.3714,0.86443,1.1412,2.2657,0.55207,0.436,0.12498,0.14232,24.493,0,0.64625,0.35886,1.1243,0.30755,10.031,0.15108,1.6038,1.6663,1.2254,0.61883,0.39903,0.53856,8.1794,0.44717,1.5511,0,0.074353,0.4335,0.49965,7.2668,0.30392,0.47928,0.64657,5.6925,4.1573,5.507,0,23.615,0.69066,0.31368,166.96,0.57396,2.2932,8.9479,0.30056,0.40231,0.28556,0.89304,0.28014,2.3453,2.4147,0.70584,0.64327,0.35849,1.4473,0,0,10.88,62.806,24.222,1.2449,0,30.72,0,1.202e-11,0,15.246,0,0,5.4539,1.5956,5.3904,0,18.731,6.6065,2.8708,0,0,15.044,0.090991,52.51,2.2628,6.1811,0.11859,0,1.2168,5.807,0.49071,0.011306,0.48782,0.64638,0.24817,2.5432,15.708,7.1649,17.595,15.365,16.278,18.615,16.61,0,1.8998,5.5102,55.731,140.97,0,0,39.459,4.2209,1.4357,0.25808,1.1607,0,0,0,0,2.8055,2.181,14.791,7.1456,0,0,1.0706,1.2193,1.6513,27.215,2066
5.5755,85.997,119.26,21.025,0,0,40.078,67.056,0,347.79,55.951,0,0,0,7,3.6523,38.458,45.262,140.43,52.84,10.323,6.0962,14.614,0,16.048,59.067,13.005,23.158,170.53,42.107,19.283,5.6141,2.0801,0.42878,0.46276,14.183,1.9243,2.5405,0.39203,0.09552,0.30402,0.087149,0.09924,17.079,0,2.6654,0.062091,0.19453,0.21446,39.182,0.10535,1.1183,1.1619,5.054,2.5523,1.6457,2.2212,29.3,1.8443,6.3975,0,0.30666,0.96039,2.0607,16.099,1.2535,1.9767,2.6667,23.478,17.146,22.713,0,71.948,2.8485,1.2937,28.888,2.3672,9.4579,36.904,1.2396,1.6593,1.1777,0,1.1554,9.6727,9.959,2.9112,2.6531,1.4785,5.9694,0,0,44.874,213.39,53.663,2.324,0,104.38,0,1.202e-11,0,28.461,0,0,12.083,2.9787,11.942,0,41.499,14.718,6.3958,0,0,32.229,0.16986,112.49,2.1497,11.539,0.22138,0,2.7086,4.0492,2.0239,0.04663,0.084405,0.11184,0.17305,5.6614,64.787,29.551,72.569,63.369,67.135,76.773,68.507,0,0,12.276,32.866,550.63,0,0,134.07,14.341,3.0757,1.0644,4.787,0,0,0,0,10.05,4.6724,50.254,24.278,0,0,0,5.0289,1.1515,92.465,2464
7.8112,120.48,167.08,17.418,0,0,40.666,184.5,0,314.15,76.931,0,0,0,30.457,5.1167,104.4,122.87,381.2,47.875,14.194,8.3821,20.094,0,22.065,53.354,11.747,31.841,154.5,57.896,26.514,7.7192,56.116,51.549,20.913,144.05,19.543,25.801,24.227,5.9032,7.1878,2.0604,2.3463,403.79,80.952,3.7341,3.8373,12.022,5.0703,75.619,2.4907,26.44,27.47,7.0806,3.5757,2.3056,3.1118,80.618,2.5838,8.9627,97.011,0.42962,1.3205,2.887,22.136,1.7561,2.7694,3.7359,32.892,24.021,31.82,0,875.41,3.9907,1.8125,1785.3,3.3164,13.25,51.702,1.7366,2.3246,1.65,0,1.6187,13.551,13.952,4.0784,3.7169,2.0714,8.3629,1.1905,8.8573,62.867,579.27,73.785,3.3186,0,283.34,0,10.076,0,40.642,0,0,16.614,4.2536,16.42,0,57.059,12.193,5.2986,0,0,32.701,0.24256,114.14,1.9234,16.477,0.31613,0,27.509,95.734,2.8354,0.065328,5.2163,6.9117,4.0913,57.497,90.764,41.4,101.67,88.778,94.054,107.56,95.977,7.9132,0,10.17,0,1062.7,0,0,363.93,38.931,3.1208,1.4912,6.7065,0,0,0,0,27.651,4.7409,136.42,65.905,0,0,0,7.0454,27.224,251,2299.2
46.915,723.61,1003.5,26.212,0,0,66.361,107.24,0,367.63,191.19,0,0,0,61.351,30.732,61.023,71.819,222.82,55.769,35.275,20.831,49.937,0,54.837,62.436,13.746,79.132,179.98,143.88,65.893,19.184,42.432,38.603,15.734,111.16,15.081,19.91,28.556,6.958,16.441,4.7129,5.3668,923.61,225.06,22.427,4.5229,14.17,11.597,200.1,5.6972,60.477,62.834,42.527,21.476,13.848,18.69,46.86,15.519,53.831,560.97,2.5804,3.2818,17.34,55.013,10.547,16.633,22.438,197.55,144.28,191.12,0,671.94,23.969,10.886,2104.3,19.919,79.583,310.53,10.43,13.962,9.91,0,9.722,81.39,83.799,24.496,22.324,12.441,50.229,3.3099,24.625,377.59,338.59,183.37,9.5984,0,165.61,0,58.267,0,117.55,0,0,41.288,12.303,40.807,0,141.8,18.35,7.9737,0,0,53.364,0.70156,186.26,9.9563,47.658,0.91435,0,21.228,218.98,17.03,0.39237,6.1483,8.1467,9.3582,44.37,545.14,248.65,610.63,533.21,564.9,646,576.45,45.758,0,15.305,0,2812.1,0,0,212.72,22.755,5.0928,8.9563,40.28,0,0,0,0,16.073,7.7364,79.739,38.522,0,0,0,42.315,62.27,146.72,2277
41.316,637.25,883.74,21.679,0,0,82.789,52.749,0,285.67,297.72,0,0,0,50.544,27.064,30.426,35.809,111.09,43.671,54.931,32.438,77.762,0,85.392,48.517,10.682,123.22,140.94,224.05,102.61,29.873,35.185,31.747,12.992,93.743,12.718,16.791,13.309,3.2429,8.9693,2.5711,2.9278,503.87,202.83,19.751,2.108,6.6043,6.3269,244.57,3.1081,32.993,34.279,37.451,18.913,12.195,16.46,23.049,13.667,47.407,723.78,2.2724,5.1103,15.27,85.665,9.2884,14.648,19.761,173.98,127.06,168.31,0,564.18,21.108,9.5868,980.74,17.542,70.085,273.47,9.1857,12.296,8.7273,25.791,8.5618,71.677,73.798,21.572,19.66,10.956,44.234,2.983,22.192,332.53,168.82,285.55,13.243,0,82.575,0,75.178,0,162.18,0,0,64.294,16.974,63.545,0,220.82,15.176,6.5948,0,0,66.575,0.96792,232.37,13.096,65.752,1.2615,0,17.902,119.46,14.997,0.34554,2.8655,3.7969,5.1053,37.418,480.08,218.98,537.75,469.58,497.48,568.91,507.65,59.039,54.866,12.658,0,3437,0,0,106.06,11.346,6.3535,7.8874,35.473,0,0,0,0,7.9056,9.6517,39.758,19.207,0,0,30.918,37.265,33.971,73.152,2310
1.9346,29.839,41.381,13.372,0,0,7.018,0.71336,0,46.37,120.75,0,0,0,13.407,1.2673,1.2096,1.4236,4.4167,8.3494,22.279,13.156,31.539,0,34.634,7.8753,1.7339,49.977,26.946,90.873,41.616,12.116,0,0,0,4.738,0.64282,0.84864,3.8162,0.92984,3.2932,0.944,1.075,185,90.738,0.92483,0.60442,1.8937,2.323,235.84,1.1412,12.114,12.586,1.7537,0.88559,0.57104,0.77071,0.3117,0.63994,2.2198,37.117,0.10641,2.0727,0.71503,34.744,0.43493,0.68589,0.92529,8.1464,5.9494,7.881,0,13.509,0.98839,0.4489,281.21,0.82138,3.2817,12.805,0.43012,0.57574,0.40866,40.533,0.4009,3.3563,3.4556,1.0101,0.92056,0.51302,2.0713,1.3345,9.928,15.571,6.7116,115.81,7.4388,0,3.2828,0,3.8553,0,91.101,0,188.77,26.076,9.5346,25.773,0,89.56,9.361,4.0678,0,0,5.6435,0.54371,19.698,6.5621,36.935,0.70862,0,0.90482,43.861,0.70225,0.01618,0.82164,1.0887,1.8745,1.8912,22.48,10.254,25.18,21.988,23.295,26.639,23.771,3.0276,86.225,7.8077,0,3314.3,0,0,4.2167,0.45106,0.53859,0.36933,1.661,0,0,0,0,0.10691,0.81817,1.5806,0.7636,0,0,48.59,1.7449,12.473,2.9082,2660
9.6929,149.5,207.33,8.5118,0,0,15.245,7.6537,0,100.57,19.22,0,0,0,12.492,6.3494,5.1064,6.0097,18.645,16.349,3.5462,2.0941,5.0201,0,5.5127,17.08,3.7605,7.955,52.764,14.464,6.6241,1.9285,1.7989,0.1627,0.35631,13.508,1.8326,2.4194,3.3214,0.80928,1.2332,0.3535,0.40254,69.276,16.902,4.6336,0.52606,1.6481,0.86988,87.716,0.42732,4.5361,4.7129,8.7863,4.4371,2.8611,3.8615,3.3443,3.2063,11.122,0,0.53312,0.32991,3.5825,5.5303,2.1791,3.4365,4.6359,40.816,29.808,39.486,0,67.766,4.9521,2.2491,244.75,4.1154,16.442,64.157,2.155,2.8846,2.0475,16.996,2.0086,16.816,17.313,5.061,4.6123,2.5704,10.378,0.24857,1.8493,78.012,28.333,18.434,12.73,0,13.859,0,1.202e-11,0,155.9,0,1048.9,4.1506,16.316,4.1023,0,14.255,5.9587,2.5893,0,0,12.259,0.93044,42.788,8.3441,63.206,1.2127,0,2.5795,16.425,3.5185,0.081065,0.71511,0.94754,0.70192,5.3916,112.63,51.373,126.16,110.17,116.71,133.47,119.1,0,36.155,4.9699,0,1232.7,0,0,17.801,1.9042,1.1699,1.8504,8.3221,0,0,0,0,1.1471,1.7772,6.6725,3.2235,0,0,20.374,8.7426,4.6706,12.277,2529
2.9905,46.125,63.966,5.1176,0,0,22.369,0,0,73.755,13.965,0,0,0,3.3219,1.9589,0.36004,0.42373,1.3146,12.391,2.5766,1.5216,3.6475,0,4.0054,12.526,2.7578,5.78,39.991,10.51,4.813,1.4012,0,0,0,4.1698,0.56573,0.74687,3.3116,0.8069,0.28383,0.081363,0.092651,15.945,0,1.4296,0.52451,1.6433,0.20022,24.796,0.098355,1.0441,1.0848,2.7108,1.3689,0.88271,1.1914,0,0.9892,3.4313,10.123,0.16448,0.23971,1.1053,4.0183,0.67231,1.0602,1.4303,12.593,9.1965,12.182,0,9.9935,1.5278,0.6939,244.03,1.2697,5.0728,19.794,0.66487,0.88996,0.63169,12.994,0.61971,5.1881,5.3416,1.5614,1.423,0.79302,3.2017,0,0,24.069,1.9977,13.394,8.216,0,0.97714,0,1.0515,0,100.62,0,673.36,3.0158,10.531,2.9807,0,10.358,3.5826,1.5568,0,0,17.988,0.60052,62.786,2.5174,40.794,0.78266,0,0.7963,3.7804,1.0855,0.025011,0.713,0.94475,0.16156,1.6644,34.749,15.85,38.923,33.989,36.008,41.178,36.744,0.82573,27.642,2.9881,17.996,348.46,0,0,1.2551,0.13426,1.7167,0.5709,2.5675,0,0,0,0,0,2.6079,0.47046,0.22728,0,0,15.577,2.6973,1.075,0.86563,2444
